tests/data/after.asc
ncols        100
nrows        100
xllcorner    0.000000000000
yllcorner    80.000000000000
cellsize     0.200000000000
NODATA_value nan
[rows 17 to 33 of 100, columns 39 to 77 of 100]
0.8082688450813293457 0.52437663078308105469 0.17919562757015228271 0.6440894007682800293 0.49250510334968566895 0.29865244030952453613 0.40570402145385742188 0.26762890815734863281 0.98256450891494750977 0.54019576311111450195 0.68301957845687866211 0.26264563202857971191 0.1093416363000869751 0.34648042917251586914 0.47749185562133789062 0.12829282879829406738 0.67122536897659301758 0.72124010324478149414 0.41416564583778381348 0.61017638444900512695 0.076481647789478302002 0.90557169914245605469 0.046090539544820785522 0.57739228010177612305 0.63718342781066894531 0.53466337919235229492 0.81287580728530883789 0.80374479293823242188 0.49994957447052001953 0.63584101200103759766 0.16133604943752288818 0.54971963167190551758 0.61347723007202148438 0.18560846149921417236 0.059316925704479217529 0.3072992861270904541 0.45222106575965881348 0.2130260467529296875 0.15632736682891845703
0.55074167251586914062 0.39008668065071105957 0.44641974568367004395 0.045466341078281402588 0.10625524073839187622 0.75391161441802978516 0.56624722480773925781 0.3481324315071105957 0.49854004383087158203 0.59681302309036254883 0.64059227705001831055 0.32368096709251403809 0.34278106689453125 0.38031357526779174805 0.50930023193359375 0.62412667274475097656 0.10157184302806854248 0.32906872034072875977 0.64499104022979736328 0.78935950994491577148 0.19107301533222198486 0.24018312990665435791 0.80204194784164428711 0.83383697271347045898 0.099437437951564788818 0.35107263922691345215 0.66386091709136962891 0.022325035184621810913 0.79496282339096069336 0.85011434555053710938 0.43658608198165893555 0.042647857218980789185 0.95625525712966918945 0.50473511219024658203 0.81225609779357910156 0.30893528461456298828 0.13942578434944152832 0.96020144224166870117 0.65816938877105712891
0.64915484189987182617 0.21695978939533233643 0.9046490788459777832 0.46750655770301818848 0.7881787419319152832 0.83141255378723144531 0.42951413989067077637 0.76444089412689208984 0.66648775339126586914 0.77543920278549194336 0.53260499238967895508 0.038719315081834793091 0.70846056938171386719 0.022164508700370788574 0.40774250030517578125 0.20200411975383758545 0.7036177515983581543 0.19919374585151672363 0.25404024124145507812 0.64208000898361206055 0.443141937255859375 0.080822467803955078125 0.36822402477264404297 0.60473591089248657227 0.77781325578689575195 0.67851614952087402344 0.43155756592750549316 0.35148596763610839844 0.25698634982109069824 0.84698879718780517578 0.45701479911804199219 0.59719771146774291992 0.82981687784194946289 0.6121578216552734375 0.89559686183929443359 0.58279240131378173828 0.64250975847244262695 0.45328989624977111816 0.54873478412628173828
0.81418323516845703125 0.27910456061363220215 0.60906690359115600586 0.61431914567947387695 0.54381269216537475586 0.62141108512878417969 0.11291280388832092285 0.13869144022464752197 0.67104542255401611328 0.36646854877471923828 0.39512676000595092773 0.84046840667724609375 0.45463016629219055176 0.38512006402015686035 0.5572636723518371582 0.78805547952651977539 0.5965747833251953125 0.039816312491893768311 0.13513527810573577881 0.24483035504817962646 0.23774532973766326904 0.25997215509414672852 0.96399295330047607422 0.19902786612510681152 0.99481761455535888672 0.85129517316818237305 0.89621567726135253906 0.29561114311218261719 0.18250602483749389648 0.80469781160354614258 0.37746596336364746094 0.35136434435844421387 0.98357355594635009766 0.88171172142028808594 0.26151949167251586914 0.58897423744201660156 0.11203210800886154175 0.60704517364501953125 0.41326600313186645508
0.24245762825012207031 0.68760865926742553711 0.40399724245071411133 0.98288440704345703125 0.23595298826694488525 0.17302453517913818359 0.9173476099967956543 0.3328348696231842041 0.31356298923492431641 0.91490471363067626953 0.70295774936676025391 0.62947160005569458008 0.95020049810409545898 0.052812132984399795532 0.84926760196685791016 0.026893969625234603882 0.022093761712312698364 0.90265870094299316406 0.2274691164493560791 0.12944170832633972168 0.038521219044923782349 0.13920983672142028809 0.4550101161003112793 0.29276427626609802246 0.18897506594657897949 0.028091024607419967651 0.85708826780319213867 0.056874550879001617432 0.29202225804328918457 0.064360804855823516846 0.86333864927291870117 0.23692098259925842285 0.77840965986251831055 0.16329613327980041504 0.064400285482406616211 0.76146322488784790039 0.35374823212623596191 0.89700937271118164062 0.65039098262786865234
0.97868359088897705078 0.83034515380859375 0.26278847455978393555 0.6362946629524230957 0.21984548866748809814 0.73134481906890869141 0.65107935667037963867 0.22671005129814147949 0.93513590097427368164 0.80231809616088867188 0.8744303584098815918 0.61830574274063110352 0.89990144968032836914 0.4417393803596496582 0.4675687253475189209 0.54694497585296630859 0.82158732414245605469 0.90448039770126342773 0.21265742182731628418 0.61172336339950561523 0.49776637554168701172 0.36507040262222290039 0.32699677348136901855 0.55470407009124755859 0.20533600449562072754 0.54593873023986816406 0.57887637615203857422 0.55530667304992675781 0.26138466596603393555 0.013261597603559494019 0.12179819494485855103 0.64738446474075317383 0.75798201560974121094 0.57845479249954223633 0.55277663469314575195 0.6675555109977722168 0.28203985095024108887 0.76593011617660522461 0.65133315324783325195
0.88712722063064575195 0.32262027263641357422 0.22516994178295135498 0.84933555126190185547 0.98351109027862548828 0.013147254474461078644 0.39458292722702026367 0.20801584422588348389 0.76266813278198242188 0.92072635889053344727 0.83793371915817260742 0.93110978603363037109 0.75141978263854980469 0.38254451751708984375 0.98872512578964233398 0.82826322317123413086 0.77253967523574829102 0.11748241633176803589 0.1408300250768661499 0.81948542594909667969 0.47929626703262329102 0.068620979785919189453 0.24332992732524871826 0.54718691110610961914 0.33766707777976989746 0.091649115085601806641 0.99946576356887817383 0.77384394407272338867 0.84794658422470092773 0.64890909194946289062 0.94794243574142456055 0.069873295724391937256 0.10070177167654037476 0.42887464165687561035 0.8676929473876953125 0.56452465057373046875 0.53697770833969116211 0.91839420795440673828 0.29650542140007019043
0.48663878440856933594 0.77422022819519042969 0.66662520170211791992 0.3164946436882019043 0.91419291496276855469 0.12457498908042907715 0.33926492929458618164 0.29078438878059387207 0.87519258260726928711 0.28108364343643188477 0.9610595703125 0.529998779296875 0.79903548955917358398 0.037246596068143844604 0.91603100299835205078 0.57001310586929321289 0.81311446428298950195 0.56106817722320556641 0.90960925817489624023 0.53150212764739990234 0.8281046748161315918 0.80640965700149536133 0.038665361702442169189 0.61077862977981567383 0.054637532681226730347 0.0030287350527942180634 0.19634775817394256592 0.57811558246612548828 0.62260860204696655273 0.5704243779182434082 0.0065590511076152324677 0.82085615396499633789 0.47542411088943481445 0.87217032909393310547 0.94370549917221069336 0.080376110970973968506 0.43763771653175354004 0.11560970544815063477 0.82516372203826904297
0.9600276947021484375 0.48488116264343261719 0.30284279584884643555 0.1040954887866973877 0.72110944986343383789 0.33113324642181396484 0.47016581892967224121 0.40076297521591186523 0.98947894573211669922 0.3017635643482208252 0.83263373374938964844 0.15005198121070861816 0.79286897182464599609 0.80565565824508666992 0.46483767032623291016 0.17521873116493225098 0.67155027389526367188 0.74041837453842163086 0.2982698976993560791 0.18929927051067352295 0.52116733789443969727 0.32995152473449707031 0.993579864501953125 0.1861883997917175293 0.71021199226379394531 0.85881292819976806641 0.066238537430763244629 0.40019813179969787598 0.95393544435501098633 0.25687497854232788086 0.4122753143310546875 0.96166360378265380859 0.96658182144165039062 0.46836906671524047852 0.14456503093242645264 0.40186670422554016113 0.21241630613803863525 0.58147293329238891602 0.22822903096675872803
0.69082093238830566406 0.51686716079711914062 0.55294585227966308594 0.46630907058715820312 0.33141475915908813477 0.90491485595703125 0.4716866910457611084 0.24384072422981262207 0.39462685585021972656 0.83395814895629882812 0.95421999692916870117 0.035483624786138534546 0.12698738276958465576 0.78037077188491821289 0.23454496264457702637 0.93185800313949584961 0.72510010004043579102 0.019512539729475975037 0.058990005403757095337 0.15747241675853729248 0.45479229092597961426 0.33413940668106079102 0.78084647655487060547 0.7305291295051574707 0.059992052614688873291 0.82224220037460327148 0.17652362585067749023 0.024548780173063278198 0.19070225954055786133 0.43975740671157836914 0.52137702703475952148 0.15150593221187591553 0.67155349254608154297 0.20181415975093841553 0.53166282176971435547 0.90555942058563232422 0.090893372893333435059 0.37765479087829589844 0.96652114391326904297
0.89252376556396484375 0.40601560473442077637 0.87004721164703369141 0.076920360326766967773 0.52679055929183959961 0.45431995391845703125 0.083977490663528442383 0.99739855527877807617 0.93648850917816162109 0.21244889497756958008 0.91352164745330810547 0.60966002941131591797 0.10385546833276748657 0.68964117765426635742 0.12367869168519973755 0.5304902195930480957 0.52278864383697509766 0.23981420695781707764 0.31479817628860473633 0.23248378932476043701 0.7154820561408996582 0.66780030727386474609 0.54893529415130615234 0.63717889785766601562 0.99780267477035522461 0.088120415806770324707 0.13075716793537139893 0.77675306797027587891 0.69740754365921020508 0.96249997615814208984 0.65988308191299438477 0.68816447257995605469 0.77471280097961425781 0.62129044532775878906 0.12570874392986297607 0.33604201674461364746 0.22321593761444091797 0.75982338190078735352 0.066447682678699493408
0.52423244714736938477 0.62016564607620239258 0.069897994399070739746 0.55786609649658203125 0.85360163450241088867 0.33120179176330566406 0.27480155229568481445 0.20901726186275482178 0.91594177484512329102 0.50570046901702880859 0.10801338404417037964 0.59421265125274658203 0.60462117195129394531 0.69707024097442626953 0.43377259373664855957 0.86662203073501586914 0.63953197002410888672 0.83034312725067138672 0.7709674835205078125 0.56694930791854858398 0.72151523828506469727 0.91908431053161621094 0.86784332990646362305 0.55309391021728515625 0.15708835422992706299 0.45910477638244628906 0.042425189167261123657 0.83859366178512573242 0.14360862970352172852 0.76228743791580200195 0.18570263683795928955 0.06943979114294052124 0.14112374186515808105 0.56685113906860351562 0.88813215494155883789 0.18069434165954589844 0.067933119833469390869 0.72366327047348022461 0.2077102959156036377
0.44489258527755737305 0.5975437164306640625 0.89604234695434570312 0.85724270343780517578 0.63782590627670288086 0.985645294189453125 0.36779430508613586426 0.50766021013259887695 0.74767470359802246094 0.41440308094024658203 0.42200526595115661621 0.53911286592483520508 0.8931509852409362793 0.82799690961837768555 0.76951372623443603516 0.67782264947891235352 0.2716306149959564209 0.74680435657501220703 0.19527007639408111572 0.82171940803527832031 0.6879183650016784668 0.70570176839828491211 0.3555094301700592041 0.61177420616149902344 0.56661528348922729492 0.85286712646484375 0.98639851808547973633 0.047814439982175827026 0.5430666804313659668 0.88817185163497924805 0.74930226802825927734 0.38307285308837890625 0.28826355934143066406 0.5485350489616394043 0.94764727354049682617 0.95613467693328857422 0.92454415559768676758 0.68228161334991455078 0.80005156993865966797
0.50547677278518676758 0.8496411442756652832 0.55675005912780761719 0.85165387392044067383 0.76792538166046142578 0.73909240961074829102 0.35938340425491333008 0.97354882955551147461 0.74474537372589111328 0.077373042702674865723 0.47811540961265563965 0.56924080848693847656 0.78974050283432006836 0.31967210769653320312 0.45875018835067749023 0.21302202343940734863 0.7465121150016784668 0.86558943986892700195 0.24978166818618774414 0.93172925710678100586 0.57989239692687988281 0.70430165529251098633 0.69806003570556640625 0.25301814079284667969 0.02073079720139503479 0.61340373754501342773 0.91360104084014892578 0.89901173114776611328 0.78518915176391601562 0.91941750049591064453 0.50980955362319946289 0.64620375633239746094 0.31350189447402954102 0.79481828212738037109 0.8341967463493347168 0.88302683830261230469 0.88371145725250244141 0.11358390003442764282 0.69782048463821411133
0.21493981778621673584 0.79615902900695800781 0.12417514622211456299 0.77623796463012695312 0.053297229111194610596 0.79091584682464599609 0.5625426173210144043 0.0064111701212823390961 0.15927246212959289551 0.26454725861549377441 0.42821103334426879883 0.70081031322479248047 0.25746712088584899902 0.35426381230354309082 0.55267310142517089844 0.14066487550735473633 0.37271851301193237305 0.61804711818695068359 0.76902735233306884766 0.14667171239852905273 0.27214664220809936523 0.7566051483154296875 0.24044688045978546143 0.36394205689430236816 0.84236395359039306641 0.72106099128723144531 0.9324734807014465332 0.6675395965576171875 0.85427546501159667969 0.26119306683540344238 0.4771137535572052002 0.24620771408081054688 0.32284998893737792969 0.7451890110969543457 0.38152787089347839355 0.36529010534286499023 0.58471584320068359375 0.758342742919921875 0.15243843197822570801
0.51030874252319335938 0.64024651050567626953 0.12844301760196685791 0.84116685390472412109 0.44280195236206054688 0.52336764335632324219 0.21761064231395721436 0.87961506843566894531 0.8087584376335144043 0.47057029604911804199 0.089009240269660949707 0.87158542871475219727 0.23621255159378051758 0.40028047561645507812 0.93985718488693237305 0.72870308160781860352 0.99320954084396362305 0.64979910850524902344 0.16198423504829406738 0.5438143610954284668 0.19458936154842376709 0.57936829328536987305 0.76897448301315307617 0.91655576229095458984 0.45554694533348083496 0.88269430398941040039 0.91882228851318359375 0.522602081298828125 0.8281383514404296875 0.25986585021018981934 0.17375704646110534668 0.41491237282752990723 0.19350194931030273438 0.62513434886932373047 0.77646982669830322266 0.079171404242515563965 0.45285362005233764648 0.47446581721305847168 0.092886433005332946777
0.22287563979625701904 0.70368683338165283203 0.25674721598625183105 0.74364614486694335938 0.76938879489898681641 0.20855402946472167969 0.89451164007186889648 0.42440965771675109863 0.87510895729064941406 0.5239728093147277832 0.84532755613327026367 0.11837611347436904907 0.15491586923599243164 0.30261197686195373535 0.88272553682327270508 0.48621594905853271484 0.6569659113883972168 0.85601973533630371094 0.021652992814779281616 0.91394621133804321289 0.16249629855155944824 0.92223411798477172852 0.41713392734527587891 0.98911702632904052734 0.42828992009162902832 0.89139223098754882812 0.096701487898826599121 0.81311494112014770508 0.81474375724792480469 0.93414890766143798828 0.56789308786392211914 0.33653038740158081055 0.016022386029362678528 0.97578036785125732422 0.22410009801387786865 0.71679186820983886719 0.29588338732719421387 0.10143931210041046143 0.14997418224811553955
