tests/data/after.asc
ncols        100
nrows        100
xllcorner    0.000000000000
yllcorner    80.000000000000
cellsize     0.200000000000
NODATA_value nan
[rows 0 to 16 of 100, columns 0 to 38 of 100]
0.11740019172430038452 0.3978093266487121582 0.81441718339920043945 0.0014298610622063279152 0.83853143453598022461 0.42725536227226257324 0.42472046613693237305 0.48227217793464660645 0.45618268847465515137 0.31103393435478210449 0.2306925654411315918 0.2659053504467010498 0.71014571189880371094 0.12811507284641265869 0.45067283511161804199 0.5709552764892578125 0.77304095029830932617 0.47653275728225708008 0.4423834383487701416 0.80862897634506225586 0.22842305898666381836 0.81537228822708129883 0.2275104522705078125 0.35890102386474609375 0.35200348496437072754 0.47208324074745178223 0.12076319754123687744 0.011890481226146221161 0.38632282614707946777 0.060148451477289199829 0.79616725444793701172 0.95467269420623779297 0.82757622003555297852 0.057501323521137237549 0.90166914463043212891 0.4106896519660949707 0.90161782503128051758 0.95678371191024780273 0.88750261068344116211
0.75602686405181884766 0.28893926739692687988 0.51134991645812988281 0.039054673165082931519 0.35903945565223693848 0.87285470962524414062 0.17330369353294372559 0.44258889555931091309 0.25410482287406921387 0.43799549341201782227 0.77788466215133666992 0.6653702855110168457 0.24365854263305664062 0.56557571887969970703 0.10259435325860977173 0.21958942711353302002 0.73293322324752807617 0.86870288848876953125 0.52638137340545654297 0.017692977562546730042 0.14867405593395233154 0.092880971729755401611 0.58187830448150634766 0.47792756557464599609 0.62633568048477172852 0.75358164310455322266 0.72546315193176269531 0.75376605987548828125 0.81144863367080688477 0.23450285196304321289 0.48713701963424682617 0.07867577672004699707 0.74044805765151977539 0.43957957625389099121 0.80624365806579589844 0.75517451763153076172 0.39589679241180419922 0.57261705398559570312 0.46513339877128601074
0.14512462913990020752 0.61029845476150512695 0.81191372871398925781 0.10150426626205444336 0.45485484600067138672 0.76827543973922729492 0.93832731246948242188 0.97779792547225952148 0.40249010920524597168 0.43145096302032470703 0.16617187857627868652 0.67438590526580810547 0.35575351119041442871 0.70318770408630371094 0.15149839222431182861 0.87588095664978027344 0.34409785270690917969 0.72736799716949462891 0.43451529741287231445 0.68387424945831298828 0.099766217172145843506 0.34364902973175048828 0.12692654132843017578 0.33787497878074645996 0.67748844623565673828 0.73863273859024047852 0.4993686378002166748 0.23356769979000091553 0.051921889185905456543 0.36866581439971923828 0.068233892321586608887 0.17446184158325195312 0.34873250126838684082 0.55597078800201416016 0.20809167623519897461 0.36223596334457397461 0.32431367039680480957 0.41596788167953491211 0.76968717575073242188
0.34712505340576171875 0.61467713117599487305 0.21189893782138824463 0.40526986122131347656 0.40824067592620849609 0.19890423119068145752 0.38446643948554992676 0.2560113072395324707 0.78073906898498535156 0.65341210365295410156 0.42853489518165588379 0.19709837436676025391 0.23103503882884979248 0.24899159371852874756 0.83480155467987060547 0.52542954683303833008 0.098579622805118560791 0.074566982686519622803 0.3647918403148651123 0.8187548518180847168 0.97620981931686401367 0.12749083340167999268 0.5157343745231628418 0.13158345222473144531 0.81937098503112792969 0.054702874273061752319 0.11007524281740188599 0.10372427850961685181 0.0088201994076371192932 0.5113309025764465332 0.38750928640365600586 0.27828678488731384277 0.83005678653717041016 0.2099364548921585083 0.1347980499267578125 0.14104178547859191895 0.23174475133419036865 0.71204721927642822266 0.12762230634689331055
0.023729238659143447876 0.9229895472526550293 0.72778773307800292969 0.33132132887840270996 0.1352205425500869751 0.80170387029647827148 0.34111809730529785156 0.41201743483543395996 0.21660088002681732178 0.25073257088661193848 0.76939547061920166016 0.600055694580078125 0.070831231772899627686 0.18603715300559997559 0.74023890495300292969 0.93614107370376586914 0.90251970291137695312 0.06439284980297088623 0.7487570643424987793 0.45238569378852844238 0.24487741291522979736 0.83477896451950073242 0.91514343023300170898 0.71866887807846069336 0.71513956785202026367 0.1018625795841217041 0.42716243863105773926 0.92322045564651489258 0.28694713115692138672 0.5027453303337097168 0.85923904180526733398 0.14269822835922241211 0.92527914047241210938 0.01159495767205953598 0.61390894651412963867 0.96582078933715820312 0.55758899450302124023 0.0029098903760313987732 0.04200407862663269043
0.19156314432621002197 0.77506268024444580078 0.92850768566131591797 0.86801666021347045898 0.21178506314754486084 0.11322788149118423462 0.67061239480972290039 0.35966160893440246582 0.41859290003776550293 0.64872455596923828125 0.95203858613967895508 0.083879925310611724854 0.8132107853889465332 0.44525444507598876953 0.85120862722396850586 0.2493918687105178833 0.16872908174991607666 0.09873590618371963501 0.061129856854677200317 0.30879870057106018066 0.51828461885452270508 0.42571949958801269531 0.15688250958919525146 0.21470369398593902588 0.052168540656566619873 0.34900569915771484375 0.86664110422134399414 0.79093664884567260742 0.76985681056976318359 0.95805394649505615234 0.36936539411544799805 0.46687468886375427246 0.83224821090698242188 0.14186701178550720215 0.48635432124137878418 0.86000585556030273438 0.8055426478385925293 0.36439949274063110352 0.21839201450347900391
0.648723602294921875 0.59210246801376342773 0.95012491941452026367 0.16890944540500640869 0.70232224464416503906 0.53483670949935913086 0.50699836015701293945 0.54971110820770263672 0.71327131986618041992 0.56991219520568847656 0.33708348870277404785 0.24820925295352935791 0.73952299356460571289 0.62666940689086914062 0.5235792994499206543 0.18308299779891967773 0.41641223430633544922 0.32122319936752319336 0.33023947477340698242 0.87294238805770874023 0.79749989509582519531 0.043475728482007980347 0.01166927628219127655 0.085389092564582824707 0.87422126531600952148 0.88284826278686523438 0.5939782261848449707 0.23994779586791992188 0.43053150177001953125 0.66034477949142456055 0.26819121837615966797 0.93395829200744628906 0.062418833374977111816 0.070360846817493438721 0.92227977514266967773 0.79391568899154663086 0.08307828754186630249 0.057085394859313964844 0.054106917232275009155
0.80094766616821289062 0.94585669040679931641 0.99552190303802490234 0.37038406729698181152 0.32175022363662719727 0.59784793853759765625 0.46642726659774780273 0.77918595075607299805 0.45631036162376403809 0.92711758613586425781 0.10481413453817367554 0.84169673919677734375 0.31601491570472717285 0.88786268234252929688 0.51376247406005859375 0.0020272913388907909393 0.81728076934814453125 0.47856757044792175293 0.77022165060043334961 0.22496673464775085449 0.54201960563659667969 0.65596771240234375 0.16974805295467376709 0.098051048815250396729 0.30910924077033996582 0.42145228385925292969 0.86072999238967895508 0.090841069817543029785 0.99206238985061645508 0.58251345157623291016 0.77630561590194702148 0.83676856756210327148 0.90792310237884521484 0.66902613639831542969 0.43425637483596801758 0.53256785869598388672 0.69467061758041381836 0.47422847151756286621 0.94993644952774047852
0.6803690791130065918 0.41634884476661682129 0.33823940157890319824 0.61560529470443725586 0.22102285921573638916 0.75128084421157836914 0.99653673171997070312 0.23239909112453460693 0.43317279219627380371 0.48791587352752685547 0.2620423734188079834 0.63036543130874633789 0.46080946922302246094 0.4906819462776184082 0.70163494348526000977 0.74285370111465454102 0.63189715147018432617 0.63742423057556152344 0.52737647294998168945 0.17091710865497589111 0.18390765786170959473 0.95375281572341918945 0.6710300445556640625 0.2810420691967010498 0.61768895387649536133 0.42572870850563049316 0.32374092936515808105 0.63724166154861450195 0.11135581880807876587 0.33065906167030334473 0.91418451070785522461 0.35512906312942504883 0.18584117293357849121 0.010514421388506889343 0.95539069175720214844 0.80685961246490478516 0.84117215871810913086 0.51987117528915405273 0.96842926740646362305
0.020533502101898193359 0.065369285643100738525 0.13081239163875579834 0.43605941534042358398 0.79021298885345458984 0.90834003686904907227 0.81578123569488525391 0.027451809495687484741 0.46962371468544006348 0.76330387592315673828 0.73233848810195922852 0.2039041370153427124 0.77857255935668945312 0.5897210240364074707 0.29494681954383850098 0.36423581838607788086 0.72053122520446777344 0.060534056276082992554 0.9501736760139465332 0.18486534059047698975 0.28171247243881225586 0.15573260188102722168 0.80430716276168823242 0.94636648893356323242 0.30364340543746948242 0.062453441321849822998 0.2923984825611114502 0.35592404007911682129 0.99711906909942626953 0.47233912348747253418 0.84658288955688476562 0.92978942394256591797 0.77170324325561523438 0.23845298588275909424 0.91747277975082397461 0.98138260841369628906 0.35859051346778869629 0.61902004480361938477 0.14648000895977020264
0.73972660303115844727 0.15580098330974578857 0.19820603728294372559 0.10236383229494094849 0.16134385764598846436 0.015767034143209457397 0.99866056442260742188 0.76954799890518188477 0.78915297985076904297 0.58971172571182250977 0.99729990959167480469 0.073700033128261566162 0.69433939456939697266 0.95605313777923583984 0.88716262578964233398 0.43714994192123413086 0.58152180910110473633 0.20117504894733428955 0.48535642027854919434 0.64462178945541381836 0.33768096566200256348 0.43825408816337585449 0.32557058334350585938 0.69541120529174804688 0.51873707771301269531 0.50696486234664916992 0.42151466012001037598 0.40710332989692687988 0.24167437851428985596 0.72921049594879150391 0.75426685810089111328 0.62629836797714233398 0.75566446781158447266 0.12194272130727767944 0.17081624269485473633 0.50721335411071777344 0.29523155093193054199 0.67080694437026977539 0.79422450065612792969
0.82228487730026245117 0.91860538721084594727 0.8509528040885925293 0.36004769802093505859 0.37441220879554748535 0.70616805553436279297 0.43894824385643005371 0.9299704432487487793 0.40843632817268371582 0.23696362972259521484 0.47234082221984863281 0.45589914917945861816 0.34790244698524475098 0.88112795352935791016 0.22098211944103240967 0.01362454146146774292 0.68989312648773193359 0.77601659297943115234 0.093652717769145965576 0.73152238130569458008 0.42947417497634887695 0.34204980731010437012 0.092475712299346923828 0.30667474865913391113 0.81033617258071899414 0.30556774139404296875 0.21169298887252807617 0.49912321567535400391 0.62638652324676513672 0.85392117500305175781 0.32058236002922058105 0.66436469554901123047 0.82823216915130615234 0.15942557156085968018 0.49832612276077270508 0.084219686686992645264 0.37981960177421569824 0.083700008690357208252 0.21405909955501556396
0.66649413108825683594 0.12503704428672790527 0.51475024223327636719 0.18165571987628936768 0.45786055922508239746 0.16718913614749908447 0.2312374413013458252 0.76919502019882202148 0.13483276963233947754 0.031485334038734436035 0.77571123838424682617 0.93143171072006225586 0.082661598920822143555 0.16847753524780273438 0.61878198385238647461 0.10310644656419754028 0.3910687863826751709 0.10989371687173843384 0.91467165946960449219 0.92267394065856933594 0.26747652888298034668 0.29158681631088256836 0.25544980168342590332 0.32217162847518920898 0.30356013774871826172 0.64410203695297241211 0.3928121030330657959 0.7717850804328918457 0.43352305889129638672 0.7059624791145324707 0.15765337646007537842 0.80565428733825683594 0.1605987250804901123 0.96615493297576904297 0.91263526678085327148 0.79191964864730834961 0.46508708596229553223 0.043635435402393341064 0.24113687872886657715
0.9843075871467590332 0.86107337474822998047 0.20125213265419006348 0.63544809818267822266 0.88941735029220581055 0.33029338717460632324 0.26623204350471496582 0.96216350793838500977 0.098587684333324432373 0.32386735081672668457 0.84424453973770141602 0.35945928096771240234 0.43146032094955444336 0.44403764605522155762 0.77868407964706420898 0.10343182086944580078 0.52748799324035644531 0.58939981460571289062 0.73357790708541870117 0.81138968467712402344 0.32608455419540405273 0.98795223236083984375 0.98125422000885009766 0.37625223398208618164 0.9362933039665222168 0.40035837888717651367 0.48851469159126281738 0.036920815706253051758 0.72481304407119750977 0.56024932861328125 0.86694103479385375977 0.67486810684204101562 0.63164299726486206055 0.065745338797569274902 0.69398939609527587891 0.051831737160682678223 0.081215202808380126953 0.29353299736976623535 0.043032754212617874146
0.063210710883140563965 0.5143025517463684082 0.099775746464729309082 0.69203042984008789062 0.62395864725112915039 0.28682354092597961426 0.22178445756435394287 0.15780457854270935059 0.53680300712585449219 0.74646717309951782227 0.90746206045150756836 0.86635774374008178711 0.043626546859741210938 0.53309047222137451172 0.9447040557861328125 0.89700990915298461914 0.32875177264213562012 0.071895062923431396484 0.045034695416688919067 0.22063297033309936523 0.78110021352767944336 0.84298372268676757812 0.014294027350842952728 0.79458177089691162109 0.34390944242477416992 0.27342879772186279297 0.96133291721343994141 0.52912789583206176758 0.24993516504764556885 0.35696518421173095703 0.46058839559555053711 0.3229268193244934082 0.76570212841033935547 0.29081547260284423828 0.48200044035911560059 0.47028037905693054199 0.3588676154613494873 0.13777025043964385986 0.89891397953033447266
0.14520341157913208008 0.0040497374720871448517 0.87894296646118164062 0.23464034497737884521 0.99347126483917236328 0.23031604290008544922 0.58551859855651855469 0.10051020979881286621 0.12095481157302856445 0.84835112094879150391 0.36246967315673828125 0.68502372503280639648 0.0054266136139631271362 0.97191756963729858398 0.97065150737762451172 0.74267607927322387695 0.89383691549301147461 0.53313267230987548828 0.023424742743372917175 0.67803519964218139648 0.2847995758056640625 0.94716125726699829102 0.0076303281821310520172 0.90704637765884399414 0.95788657665252685547 0.88137322664260864258 0.50165122747421264648 0.54329782724380493164 0.81897646188735961914 0.86229598522186279297 0.71098530292510986328 0.24598890542984008789 0.80447888374328613281 0.16961942613124847412 0.08107722550630569458 0.29964295029640197754 0.16397918760776519775 0.88716989755630493164 0.14583802223205566406
0.10013166815042495728 0.81424069404602050781 0.7941347956657409668 0.10328425467014312744 0.8943716883659362793 0.74344491958618164062 0.65423631668090820312 0.93854492902755737305 0.1865447312593460083 0.2854099571704864502 0.50262910127639770508 0.38968604803085327148 0.42187526822090148926 0.20159555971622467041 0.32762873172760009766 0.46971744298934936523 0.32189592719078063965 0.24995392560958862305 0.24268326163291931152 0.42424812912940979004 0.33133828639984130859 0.36160579323768615723 0.7895247340202331543 0.51105660200119018555 0.17824564874172210693 0.70723617076873779297 0.2437661588191986084 0.20995925366878509521 0.02264645695686340332 0.2159379124641418457 0.87194764614105224609 0.93683999776840209961 0.60412114858627319336 0.7017657160758972168 0.81816536188125610352 0.13639532029628753662 0.089163891971111297607 0.038078956305980682373 0.16697546839714050293
