tests/data/after.asc
ncols        100
nrows        100
xllcorner    0.000000000000
yllcorner    80.000000000000
cellsize     0.200000000000
NODATA_value nan
[rows 51 to 67 of 100, columns 0 to 38 of 100]
0.22440083324909210205 0.34134212136268615723 0.80556321144104003906 0.68072408437728881836 0.40203925967216491699 0.27353444695472717285 0.075315341353416442871 0.99512082338333129883 0.099861428141593933105 0.076120294630527496338 0.63739150762557983398 0.019372943788766860962 0.42951348423957824707 0.11876770108938217163 0.9984486699104309082 0.67899674177169799805 0.081636711955070495605 0.3766027987003326416 0.75697124004364013672 0.30937501788139343262 0.38768690824508666992 0.031081786379218101501 0.98198586702346801758 0.73458319902420043945 0.27639320492744445801 0.73859405517578125 0.88491499423980712891 0.32223486900329589844 0.618183135986328125 0.98098087310791015625 0.42559921741485595703 0.77645701169967651367 0.50696712732315063477 0.18907713890075683594 0.46617665886878967285 0.17968563735485076904 0.6949666142463684082 0.46115571260452270508 0.040622271597385406494
0.65156733989715576172 0.88106769323348999023 0.40454265475273132324 0.19650693237781524658 0.49803000688552856445 0.63811910152435302734 0.86292117834091186523 0.41978588700294494629 0.58873128890991210938 0.011634329333901405334 0.018505422398447990417 0.027642155066132545471 0.55300050973892211914 0.70340543985366821289 0.44598546624183654785 0.7408574223518371582 0.27592137455940246582 0.10544006526470184326 0.91947060823440551758 0.77110332250595092773 0.70616239309310913086 0.4934622347354888916 0.58358711004257202148 0.10396729409694671631 0.47267949581146240234 0.59028917551040649414 0.48040369153022766113 0.46864968538284301758 0.081592269241809844971 0.95084053277969360352 0.64192950725555419922 0.72380858659744262695 0.96953928470611572266 0.83920383453369140625 0.569278717041015625 0.84036105871200561523 0.83530902862548828125 0.9569721221923828125 0.0046508298255503177643
0.64566832780838012695 0.58837294578552246094 0.63179171085357666016 0.56591558456420898438 0.96703237295150756836 0.62297624349594116211 0.24596865475177764893 0.30134937167167663574 0.18675602972507476807 0.29683637619018554688 0.87858551740646362305 0.18799614906311035156 0.18418076634407043457 0.28690639138221740723 0.25784316658973693848 0.12865792214870452881 0.2483685612678527832 0.23025563359260559082 0.95010811090469360352 0.30583783984184265137 0.089318193495273590088 0.64040112495422363281 0.41702085733413696289 0.20963081717491149902 0.24134424328804016113 0.72234332561492919922 0.17937883734703063965 0.82687956094741821289 0.5697028040885925293 0.47379532456398010254 0.20311477780342102051 0.4550037682056427002 0.90889656543731689453 0.16828329861164093018 0.88070732355117797852 0.88632023334503173828 0.89957207441329956055 0.57915025949478149414 0.041406054049730300903
0.59919553995132446289 0.4371897280216217041 0.0059385593049228191376 0.6840025782585144043 0.20665796101093292236 0.073461331427097320557 0.61294418573379516602 0.67108577489852905273 0.62916654348373413086 0.069145917892456054688 0.91595029830932617188 0.9982693791389465332 0.31827273964881896973 0.35848391056060791016 0.5679149627685546875 0.065328001976013183594 0.58049720525741577148 0.12698876857757568359 0.4864209294319152832 0.095575988292694091797 0.8477687835693359375 0.97463089227676391602 0.32362425327301025391 0.84382212162017822266 0.81480860710144042969 0.63419646024703979492 0.6967347264289855957 0.75214987993240356445 0.069802418351173400879 0.52288782596588134766 0.17228709161281585693 0.19122646749019622803 0.22036175429821014404 0.76151305437088012695 0.83923536539077758789 0.89158791303634643555 0.42736011743545532227 0.59131705760955810547 0.11259528249502182007
0.68967658281326293945 0.84760230779647827148 0.84827923774719238281 0.85340744256973266602 0.8126417994499206543 0.96782130002975463867 0.66752672195434570312 0.77392166852951049805 0.21168556809425354004 0.89646172523498535156 0.95281112194061279297 0.50337272882461547852 0.51255428791046142578 0.51983064413070678711 0.88428825139999389648 0.092047616839408874512 0.59316015243530273438 0.73367351293563842773 0.84153008460998535156 0.12774199247360229492 0.8663132786750793457 0.83764672279357910156 0.54104834794998168945 0.43276137113571166992 0.83924669027328491211 0.36011511087417602539 0.026948858052492141724 0.93271148204803466797 0.56321322917938232422 0.1551472395658493042 0.3760865628719329834 0.84819281101226806641 0.73127377033233642578 0.67969226837158203125 0.71193605661392211914 0.6788889765739440918 0.44510301947593688965 0.71573913097381591797 0.36825597286224365234
0.67916315793991088867 0.58397680521011352539 0.15856328606605529785 0.29650935530662536621 0.064692378044128417969 0.42806279659271240234 0.46995282173156738281 0.7910950779914855957 0.69185090065002441406 0.43840178847312927246 0.70137727260589599609 0.25129631161689758301 0.16006234288215637207 0.66642737388610839844 0.33829149603843688965 0.38471469283103942871 0.030810527503490447998 0.89242863655090332031 0.9455617070198059082 0.75210469961166381836 0.36992576718330383301 0.47124123573303222656 0.37239465117454528809 0.36238929629325866699 0.58709776401519775391 0.11259730160236358643 0.65503263473510742188 0.54006671905517578125 0.28502598404884338379 0.10351605713367462158 0.15429700911045074463 0.140989646315574646 0.12128021568059921265 0.64463955163955688477 0.88711339235305786133 0.72877424955368041992 0.72010719776153564453 0.22464707493782043457 0.62322336435317993164
0.60279965400695800781 0.939258575439453125 0.10145150125026702881 0.48480090498924255371 0.80162316560745239258 0.60981601476669311523 0.48435771465301513672 0.064924545586109161377 0.98552376031875610352 0.26104274392127990723 0.29859867691993713379 0.47700178623199462891 0.80455148220062255859 0.25669419765472412109 0.80180454254150390625 0.051097944378852844238 0.99326163530349731445 0.63120311498641967773 0.9404468536376953125 0.91946822404861450195 0.99598091840744018555 0.67597872018814086914 0.3733139336109161377 0.69966930150985717773 0.59886968135833740234 0.89947801828384399414 0.6297779083251953125 0.41518551111221313477 0.012269943021237850189 0.67108839750289916992 0.80623066425323486328 0.59892868995666503906 0.82082766294479370117 0.52757400274276733398 0.65071511268615722656 0.087622433900833129883 0.95240223407745361328 0.2117023169994354248 0.11260274052619934082
0.18823538720607757568 0.6871770024299621582 0.53939265012741088867 0.59765785932540893555 0.010091084986925125122 0.15476766228675842285 0.37552148103713989258 0.41956299543380737305 0.3529262542724609375 0.85802155733108520508 0.50564306974411010742 0.052226025611162185669 0.01572682894766330719 0.27003908157348632812 0.54260462522506713867 0.47139772772789001465 0.011511629447340965271 0.16141402721405029297 0.76389265060424804688 0.7618166804313659668 0.084081366658210754395 0.24322286248207092285 0.13988590240478515625 0.68842816352844238281 0.00044319071457721292973 0.047056555747985839844 0.045730598270893096924 0.24436080455780029297 0.056477032601833343506 0.85054630041122436523 0.17458520829677581787 0.13337266445159912109 0.11030648648738861084 0.1273304373025894165 0.52096968889236450195 0.6133670806884765625 0.63917773962020874023 0.86299711465835571289 0.78545355796813964844
0.32971021533012390137 0.069225065410137176514 0.664394378662109375 0.44380229711532592773 0.42414835095405578613 0.54806864261627197266 0.30142864584922790527 0.34979796409606933594 0.81377011537551879883 0.30424356460571289062 0.50160938501358032227 0.84512895345687866211 0.96658480167388916016 0.51368421316146850586 0.86280798912048339844 0.92867398262023925781 0.73098474740982055664 0.11664609611034393311 0.58454346656799316406 0.55865752696990966797 0.32440486550331115723 0.65824019908905029297 0.11548194289207458496 0.54693341255187988281 0.45543497800827026367 0.36395928263664245605 0.47937947511672973633 0.62114340066909790039 0.92736673355102539062 0.66660982370376586914 0.97644567489624023438 0.34881320595741271973 0.38139745593070983887 0.98688513040542602539 0.96598684787750244141 0.73519247770309448242 0.48828136920928955078 0.18210835754871368408 0.26111510396003723145
0.79875367879867553711 0.014533629640936851501 0.96163320541381835938 0.033156074583530426025 0.63713985681533813477 0.73481118679046630859 0.50813388824462890625 0.62894922494888305664 0.2302898019552230835 0.49091523885726928711 0.25624889135360717773 0.42922100424766540527 0.41449722647666931152 0.85892969369888305664 0.29036992788314819336 0.69884288311004638672 0.64151734113693237305 0.30312123894691467285 0.71393418312072753906 0.55078721046447753906 0.72191464900970458984 0.039035025984048843384 0.7622420191764831543 0.38233095407485961914 0.10655380040407180786 0.35556161403656005859 0.6386019587516784668 0.81038254499435424805 0.54755806922912597656 0.0029516792856156826019 0.079340696334838867188 0.10180804133415222168 0.50710785388946533203 0.46865880489349365234 0.25650551915168762207 0.47974282503128051758 0.32496786117553710938 0.73455756902694702148 0.74105465412139892578
0.37761887907981872559 0.94559645652770996094 0.10180015861988067627 0.12733498215675354004 0.75834327936172485352 0.3337802886962890625 0.92611449956893920898 0.51428818702697753906 0.88134109973907470703 0.32465016841888427734 0.055097926408052444458 0.80369669198989868164 0.18830841779708862305 0.92091786861419677734 0.33228379487991333008 0.0090303774923086166382 0.71445286273956298828 0.58041757345199584961 0.94730454683303833008 0.0048582968302071094513 0.87176018953323364258 0.97229552268981933594 0.50716477632522583008 0.81591457128524780273 0.3287995457649230957 0.017379296943545341492 0.76368802785873413086 0.42362475395202636719 0.98530620336532592773 0.94221144914627075195 0.23461359739303588867 0.57563787698745727539 0.99842935800552368164 0.97202050685882568359 0.57648438215255737305 0.57251060009002685547 0.1269045025110244751 0.50918287038803100586 0.49981248378753662109
0.27094992995262145996 0.67698711156845092773 0.65661162137985229492 0.48349544405937194824 0.54469388723373413086 0.1907431483268737793 0.86993920803070068359 0.76024842262268066406 0.2541936337947845459 0.56391561031341552734 0.57731807231903076172 0.28648126125335693359 0.27530920505523681641 0.0041790190152823925018 0.85730350017547607422 0.9658610224723815918 0.23007656633853912354 0.3553339540958404541 0.66713464260101318359 0.67343467473983764648 0.15169970691204071045 0.99302947521209716797 0.021266737952828407288 0.33241713047027587891 0.44682645797729492188 0.43278077244758605957 0.37504455447196960449 0.92520362138748168945 0.78597235679626464844 0.40646001696586608887 0.049768920987844467163 0.79974377155303955078 0.86980956792831420898 0.18756447732448577881 0.86468333005905151367 0.60323095321655273438 0.14612182974815368652 0.15621997416019439697 0.33594590425491333008
0.83293312788009643555 0.12937718629837036133 0.11539987474679946899 0.31895545125007629395 0.26950496435165405273 0.14673182368278503418 0.82509094476699829102 0.56121999025344848633 0.79143893718719482422 0.5548502802848815918 0.35625100135803222656 0.82597631216049194336 0.64382928609848022461 0.078165367245674133301 0.71345812082290649414 0.22974891960620880127 0.93123930692672729492 0.56044441461563110352 0.54122704267501831055 0.11812125891447067261 0.46545201539993286133 0.95525681972503662109 0.54720479249954223633 0.3981132805347442627 0.28044918179512023926 0.86083674430847167969 0.26410469412803649902 0.18753348290920257568 0.76556736230850219727 0.90245479345321655273 0.21661192178726196289 0.95504778623580932617 0.31125175952911376953 0.23470319807529449463 0.2403100430965423584 0.3723011314868927002 0.24426612257957458496 0.85621392726898193359 0.84605389833450317383
0.079902775585651397705 0.79713857173919677734 0.27344015240669250488 0.74648439884185791016 0.16583909094333648682 0.41730952262878417969 0.59170824289321899414 0.70304667949676513672 0.69977116584777832031 0.5015913844108581543 0.61516118049621582031 0.8540064692497253418 0.95630574226379394531 0.93532359600067138672 0.9416993260383605957 0.29613229632377624512 0.88420897722244262695 0.50531673431396484375 0.67008578777313232422 0.48339405655860900879 0.045940965414047241211 0.65559631586074829102 0.16104887425899505615 0.69367635250091552734 0.35564714670181274414 0.62303221225738525391 0.99680918455123901367 0.10313232988119125366 0.87058919668197631836 0.36491924524307250977 0.035980638116598129272 0.77300339937210083008 0.061634130775928497314 0.94834458827972412109 0.6413669586181640625 0.24578407406806945801 0.92837226390838623047 0.16188338398933410645 0.81684273481369018555
0.26666247844696044922 0.60222297906875610352 0.48405429720878601074 0.37863343954086303711 0.65594404935836791992 0.78689664602279663086 0.83856862783432006836 0.41579222679138183594 0.44018459320068359375 0.92676889896392822266 0.39515888690948486328 0.99408572912216186523 0.47824877500534057617 0.65266895294189453125 0.62121605873107910156 0.6664142608642578125 0.97848266363143920898 0.55333214998245239258 0.84849214553833007812 0.073613367974758148193 0.40500804781913757324 0.63779568672180175781 0.38849687576293945312 0.023018728941679000854 0.6529992222785949707 0.49674844741821289062 0.94049966335296630859 0.86451691389083862305 0.87675088644027709961 0.20338203012943267822 0.68440234661102294922 0.072686277329921722412 0.45499524474143981934 0.32937726378440856934 0.15471534430980682373 0.96984827518463134766 0.80961000919342041016 0.44436112046241760254 0.73764157295227050781
0.89998829364776611328 0.67185437679290771484 0.5015468597412109375 0.67802846431732177734 0.0018219300545752048492 0.30723387002944946289 0.42723354697227478027 0.10215605050325393677 0.067777253687381744385 0.8671830296516418457 0.6220658421516418457 0.98566621541976928711 0.48614132404327392578 0.0017624711617827415466 0.23613344132900238037 0.094246678054332733154 0.98788553476333618164 0.38607695698738098145 0.79613792896270751953 0.88066345453262329102 0.63869380950927734375 0.026438560336828231812 0.93548697233200073242 0.019643746316432952881 0.48649966716766357422 0.048031110316514968872 0.87507021427154541016 0.7047087550163269043 0.14771716296672821045 0.68001985549926757812 0.71563947200775146484 0.045424878597259521484 0.58386343717575073242 0.15726667642593383789 0.52800142765045166016 0.25415825843811035156 0.38578522205352783203 0.80209445953369140625 0.3743413090705871582
0.72484147548675537109 0.97819459438323974609 0.96932929754257202148 0.98708164691925048828 0.19401159882545471191 0.66833615303039550781 0.19805872440338134766 0.72461628913879394531 0.28819960355758666992 0.36439356207847595215 0.79063308238983154297 0.20360268652439117432 0.34041535854339599609 0.71676284074783325195 0.072646871209144592285 0.2353852391242980957 0.04449420049786567688 0.96191710233688354492 0.8069527745246887207 0.69602686166763305664 0.83539831638336181641 0.70012074708938598633 0.92264825105667114258 0.80842310190200805664 0.60490894317626953125 0.9990062713623046875 0.85198676586151123047 0.51226264238357543945 0.77974236011505126953 0.95707970857620239258 0.87044030427932739258 0.64439797401428222656 0.20422668755054473877 0.88742613792419433594 0.69403022527694702148 0.47907772660255432129 0.11017348617315292358 0.27741363644599914551 0.097164094448089599609
