tests/data/after.asc
ncols        100
nrows        100
xllcorner    0.000000000000
yllcorner    80.000000000000
cellsize     0.200000000000
NODATA_value nan
[rows 0 to 16 of 100, columns 39 to 77 of 100]
0.57717555761337280273 0.84092068672180175781 0.015648126602172851562 0.41138398647308349609 0.051474984735250473022 0.63042229413986206055 0.3518581092357635498 0.32051762938499450684 0.030561609193682670593 0.98812586069107055664 0.94770717620849609375 0.76515412330627441406 0.44659590721130371094 0.51632648706436157227 0.063278071582317352295 0.097288779914379119873 0.19773606956005096436 0.095973707735538482666 0.93033611774444580078 0.18407920002937316895 0.27306041121482849121 0.77032339572906494141 0.59565496444702148438 0.85292458534240722656 0.4035746455192565918 0.48256257176399230957 0.14197522401809692383 0.70604789257049560547 0.0045891446061432361603 0.33953353762626647949 0.61943334341049194336 0.90784502029418945312 0.87533992528915405273 0.82462710142135620117 0.81388676166534423828 0.77003431320190429688 0.076343938708305358887 0.88915741443634033203 0.58601170778274536133
0.10541595518589019775 0.62621694803237915039 0.44720375537872314453 0.22575820982456207275 0.089723564684391021729 0.14568181335926055908 0.50045353174209594727 0.88991433382034301758 0.75468909740447998047 0.64914345741271972656 0.063939332962036132812 0.4867032468318939209 0.91754221916198730469 0.37669655680656433105 0.62375712394714355469 0.87043684720993041992 0.11635416001081466675 0.53022092580795288086 0.65232521295547485352 0.067232869565486907959 0.48592826724052429199 0.78658849000930786133 0.67489796876907348633 0.29599371552467346191 0.66256225109100341797 0.59355747699737548828 0.87944090366363525391 0.21387714147567749023 0.21994835138320922852 0.4282754361629486084 0.33647140860557556152 0.55049657821655273438 0.36418393254280090332 0.42249062657356262207 0.076609969139099121094 0.47317332029342651367 0.079306803643703460693 0.95823293924331665039 0.46001094579696655273
0.71839481592178344727 0.44222539663314819336 0.30258741974830627441 0.063559636473655700684 0.38313949108123779297 0.15531395375728607178 0.72451573610305786133 0.62167888879776000977 0.95090657472610473633 0.63945043087005615234 0.30589497089385986328 0.70317894220352172852 0.060876656323671340942 0.1555515676736831665 0.69800877571105957031 0.85104346275329589844 0.53518873453140258789 0.39546099305152893066 0.74955046176910400391 0.56012690067291259766 0.38620454072952270508 0.21094307303428649902 0.64597111940383911133 0.56187194585800170898 0.90323930978775024414 0.85657167434692382812 0.0089827347546815872192 0.18294441699981689453 0.31211182475090026855 0.21461883187294006348 0.99038165807723999023 0.79127448797225952148 0.050453659147024154663 0.52025705575942993164 0.65185016393661499023 0.22120305895805358887 0.89861905574798583984 0.33068427443504333496 0.79252523183822631836
0.93742156028747558594 0.48302671313285827637 0.5305201411247253418 0.76045662164688110352 0.41366371512413024902 0.75755095481872558594 0.79397761821746826172 0.074053488671779632568 0.54363709688186645508 0.96279257535934448242 0.045868780463933944702 0.20748722553253173828 0.4228305816650390625 0.13869385421276092529 0.4447530210018157959 0.75785756111145019531 0.45836818218231201172 0.26843032240867614746 0.99428731203079223633 0.085910469293594360352 0.51180571317672729492 0.8983554840087890625 0.26989328861236572266 0.55328726768493652344 0.108414478600025177 0.18967674672603607178 0.93866294622421264648 0.90975606441497802734 0.6940123438835144043 0.76721990108489990234 0.4430218040943145752 0.32913538813591003418 0.51470196247100830078 0.21525260806083679199 0.78202635049819946289 0.88346624374389648438 0.077321074903011322021 0.20851379632949829102 0.086392037570476531982
0.077939018607139587402 0.13622756302356719971 0.18006348609924316406 0.51211792230606079102 0.7039127349853515625 0.49179083108901977539 0.51439243555068969727 0.60088628530502319336 0.99339920282363891602 0.74243605136871337891 0.88538163900375366211 0.2842343449592590332 0.12367270141839981079 0.41106674075126647949 0.57076829671859741211 0.058779809623956680298 0.81789594888687133789 0.0069557358510792255402 0.63956022262573242188 0.21735571324825286865 0.012208054773509502411 0.50029158592224121094 0.84004479646682739258 0.013803785666823387146 0.095030650496482849121 0.95059716701507568359 0.8925520777702331543 0.80477845668792724609 0.036374885588884353638 0.50695282220840454102 0.59198373556137084961 0.31495574116706848145 0.95199638605117797852 0.7372264862060546875 0.062864318490028381348 0.94145834445953369141 0.28749254345893859863 0.47123551368713378906 0.72418129444122314453
0.046453595161437988281 0.4528726041316986084 0.23937943577766418457 0.0087411068379878997803 0.72139114141464233398 0.2730318605899810791 0.85672837495803833008 0.77027869224548339844 0.47691211104393005371 0.39878904819488525391 0.85531473159790039062 0.7990729212760925293 0.37908256053924560547 0.66993194818496704102 0.61716216802597045898 0.79109740257263183594 0.85360306501388549805 0.36614769697189331055 0.34733921289443969727 0.33328989148139953613 0.77080547809600830078 0.84822595119476318359 0.34133043885231018066 0.40880030393600463867 0.82368075847625732422 0.035390160977840423584 0.65183258056640625 0.26517349481582641602 0.7203566431999206543 0.97385257482528686523 0.1865193098783493042 0.82881987094879150391 0.40029537677764892578 0.97691231966018676758 0.81846135854721069336 0.71907705068588256836 0.69652807712554931641 0.5067768096923828125 0.90905553102493286133
0.020601497963070869446 0.61564809083938598633 0.53451544046401977539 0.041664358228445053101 0.70496618747711181641 0.85070335865020751953 0.0035052546299993991852 0.37902310490608215332 0.32688030600547790527 0.63728100061416625977 0.79855060577392578125 0.57840311527252197266 0.32911741733551025391 0.62556833028793334961 0.35180932283401489258 0.81770610809326171875 0.84415638446807861328 0.4660759270191192627 0.66706293821334838867 0.36298316717147827148 0.77326226234436035156 0.93097913265228271484 0.77847939729690551758 0.73773777484893798828 0.22926285862922668457 0.49030375480651855469 0.0074091646820306777954 0.92935842275619506836 0.9395624995231628418 0.22299796342849731445 0.95547068119049072266 0.80979734659194946289 0.31504300236701965332 0.93270921707153320312 0.6333529353141784668 0.10382485389709472656 0.91876465082168579102 0.92962223291397094727 0.79216855764389038086
0.98878061771392822266 0.46189367771148681641 0.81438684463500976562 0.75928467512130737305 0.38649204373359680176 0.23888838291168212891 0.31632310152053833008 0.3035106956958770752 0.51214969158172607422 0.81703788042068481445 0.2736403346061706543 0.047397375106811523438 0.13881134986877441406 0.83241802453994750977 0.9360383152961730957 0.82243448495864868164 0.023554729297757148743 0.28664240241050720215 0.16225562989711761475 0.70476490259170532227 0.91716349124908447266 0.49268919229507446289 0.49742972850799560547 0.8437569737434387207 0.7950960993766784668 0.3078988492488861084 0.86732745170593261719 0.9355780482292175293 0.42435672879219055176 0.64595675468444824219 0.36903834342956542969 0.32806691527366638184 0.80332291126251220703 0.44776380062103271484 0.56127959489822387695 0.44518119096755981445 0.060811832547187805176 0.47117096185684204102 0.74491357803344726562
0.60738825798034667969 0.42695820331573486328 0.65745222568511962891 0.11927046626806259155 0.70232093334197998047 0.87362468242645263672 0.29075670242309570312 0.54035592079162597656 0.29191797971725463867 0.38488265872001647949 0.24267083406448364258 0.2869726717472076416 0.010169816203415393829 0.68059736490249633789 0.5795752406120300293 0.39130157232284545898 0.62476521730422973633 0.62627929449081420898 0.38909092545509338379 0.541805267333984375 0.69835382699966430664 0.57518583536148071289 0.3064899742603302002 0.73500794172286987305 0.5607083439826965332 0.83418357372283935547 0.36367005109786987305 0.043983224779367446899 0.90425097942352294922 0.83281195163726806641 0.49568688869476318359 0.54469078779220581055 0.089497201144695281982 0.23572091758251190186 0.27717006206512451172 0.5964539647102355957 0.17875181138515472412 0.065132886171340942383 0.78927713632583618164
0.72105801105499267578 0.011873280629515647888 0.64309847354888916016 0.1494557112455368042 0.91840684413909912109 0.15866017341613769531 0.099946126341819763184 0.27187606692314147949 0.025351528078317642212 0.89129579067230224609 0.94927757978439331055 0.10397290438413619995 0.69027918577194213867 0.40373456478118896484 0.093571297824382781982 0.30597603321075439453 0.4788379371166229248 0.80934280157089233398 0.41530236601829528809 0.96163552999496459961 0.92616045475006103516 0.90487664937973022461 0.93243759870529174805 0.34380027651786804199 0.24585156142711639404 0.19659049808979034424 0.93629515171051025391 0.78357803821563720703 0.17875723540782928467 0.0105719761922955513 0.76614236831665039062 0.19023250043392181396 0.93695527315139770508 0.17594642937183380127 0.48940044641494750977 0.11510034650564193726 0.0886553153395652771 0.91753619909286499023 0.34788671135902404785
0.89619934558868408203 0.0070398109965026378632 0.069401025772094726562 0.20336742699146270752 0.3177216947078704834 0.14716807007789611816 0.47033140063285827637 0.49168106913566589355 0.67203480005264282227 0.1058637574315071106 0.64764094352722167969 0.54920041561126708984 0.62275391817092895508 0.76193696260452270508 0.14131821691989898682 0.95388704538345336914 0.95529007911682128906 0.78086590766906738281 0.16908812522888183594 0.95672315359115600586 0.80200958251953125 0.36634364724159240723 0.88422447443008422852 0.45991167426109313965 0.55108553171157836914 0.39468860626220703125 0.18684028089046478271 0.66165065765380859375 0.83305788040161132812 0.23948918282985687256 0.49520447850227355957 0.92591238021850585938 0.91741997003555297852 0.37040728330612182617 0.019716132432222366333 0.74097627401351928711 0.13231286406517028809 0.68002909421920776367 0.83275932073593139648
0.78699725866317749023 0.16478578746318817139 0.42747485637664794922 0.0039296261966228485107 0.5358956456184387207 0.34322154521942138672 0.8739331364631652832 0.057268615812063217163 0.80414277315139770508 0.1138126179575920105 0.7733885645866394043 0.35187530517578125 0.8384469151496887207 0.18230751156806945801 0.55455988645553588867 0.84370326995849609375 0.98978412151336669922 0.5880826115608215332 0.09478358924388885498 0.16470447182655334473 0.15430772304534912109 0.2728824615478515625 0.66859900951385498047 0.46211290359497070312 0.17115837335586547852 0.49140578508377075195 0.79408234357833862305 0.41771903634071350098 0.76578152179718017578 0.95367008447647094727 0.46784648299217224121 0.088679715991020202637 0.42406323552131652832 0.053642027080059051514 0.25481650233268737793 0.066045559942722320557 0.058783501386642456055 0.91383451223373413086 0.7109839320182800293
0.13180540502071380615 0.95105081796646118164 0.53195154666900634766 0.76447123289108276367 0.50472861528396606445 0.8588078618049621582 0.90423756837844848633 0.10874706506729125977 0.63065856695175170898 0.14757901430130004883 0.82952648401260375977 0.2198829948902130127 0.97949874401092529297 0.88557708263397216797 0.24619497358798980713 0.26121702790260314941 0.79968744516372680664 0.51212430000305175781 0.68818396329879760742 0.57009601593017578125 0.054213825613260269165 0.31807982921600341797 0.15402036905288696289 0.9791736602783203125 0.76568913459777832031 0.22258348762989044189 0.51182824373245239258 0.02534969523549079895 0.22974690794944763184 0.47247961163520812988 0.23831693828105926514 0.29787728190422058105 0.14150103926658630371 0.96943175792694091797 0.5501918792724609375 0.84496647119522094727 0.36528217792510986328 0.5792319178581237793 0.069344662129878997803
0.41198331117630004883 0.74847084283828735352 0.33154368400573730469 0.53954869508743286133 0.44758391380310058594 0.71758729219436645508 0.30468568205833435059 0.71176362037658691406 0.40819019079208374023 0.12142189592123031616 0.1338624805212020874 0.10795446485280990601 0.2653954923152923584 0.078843258321285247803 0.81275618076324462891 0.38076442480087280273 0.73173516988754272461 0.82509624958038330078 0.87231999635696411133 0.13000088930130004883 0.10029715299606323242 0.10130473971366882324 0.50582814216613769531 0.8353264927864074707 0.91062951087951660156 0.34616684913635253906 0.20427070558071136475 0.90166819095611572266 0.77411484718322753906 0.84492832422256469727 0.35931664705276489258 0.50938719511032104492 0.69526910781860351562 0.11305987834930419922 0.36539059877395629883 0.026256294921040534973 0.53760886192321777344 0.99108934402465820312 0.87714314460754394531
0.56444019079208374023 0.30841103196144104004 0.17091098427772521973 0.55709570646286010742 0.40705794095993041992 0.47458466887474060059 0.13144113123416900635 0.19306877255439758301 0.10462030023336410522 0.23725138604640960693 0.57482004165649414062 0.15334056317806243896 0.41112783551216125488 0.36111283302307128906 0.07944046705961227417 0.11838404834270477295 0.67874819040298461914 0.099179066717624664307 0.79688692092895507812 0.45617225766181945801 0.34598883986473083496 0.032261975109577178955 0.66938018798828125 0.98706609010696411133 0.40795868635177612305 0.99787861108779907227 0.71957308053970336914 0.86313790082931518555 0.27338817715644836426 0.64986324310302734375 0.29954430460929870605 0.011711575090885162354 0.37590795755386352539 0.43502885103225708008 0.13345071673393249512 0.81108593940734863281 0.18663524091243743896 0.35407173633575439453 0.15089437365531921387
0.15364240109920501709 0.71306252479553222656 0.34187775850296020508 0.27245020866394042969 0.90159070491790771484 0.94558995962142944336 0.55731654167175292969 0.65026712417602539062 0.61532378196716308594 0.89647734165191650391 0.98474907875061035156 0.089834757149219512939 0.11640303581953048706 0.38334119319915771484 0.32714730501174926758 0.13412207365036010742 0.30664354562759399414 0.22877241671085357666 0.72846019268035888672 0.34008690714836120605 0.67353761196136474609 0.82648634910583496094 0.26657184958457946777 0.050651594996452331543 0.82868415117263793945 0.84756135940551757812 0.57833421230316162109 0.30440276861190795898 0.68066644668579101562 0.72050404548645019531 0.84556180238723754883 0.47823798656463623047 0.18647161126136779785 0.98217725753784179688 0.90606403350830078125 0.22169099748134613037 0.92745506763458251953 0.22201929986476898193 0.73700350522994995117
0.97955864667892456055 0.8363043665885925293 0.84657359123229980469 0.38748446106910705566 0.66350060701370239258 0.45882707834243774414 0.18090073764324188232 0.87164348363876342773 0.74612087011337280273 0.76521837711334228516 0.33836138248443603516 0.89991146326065063477 0.32287901639938354492 0.36472395062446594238 0.19911864399909973145 0.45475557446479797363 0.89752888679504394531 0.90163946151733398438 0.48340547084808349609 0.24598672986030578613 0.8311634063720703125 0.70635384321212768555 0.17894351482391357422 0.0206421632319688797 0.64035511016845703125 0.34649899601936340332 0.75748234987258911133 0.49609896540641784668 0.76642620563507080078 0.72405767440795898438 0.018048021942377090454 0.15324331820011138916 0.30611202120780944824 0.44907522201538085938 0.83900886774063110352 0.31575918197631835938 0.082585304975509643555 0.83571583032608032227 0.71333742141723632812
