tests/data/before.asc
ncols        100
nrows        100
xllcorner    0.000000000000
yllcorner    80.000000000000
cellsize     0.200000000000
NODATA_value nan
[rows 51 to 67 of 100, columns 39 to 77 of 100]
0.2997334599494934082 0.73908084630966186523 0.1471271514892578125 0.88124138116836547852 0.53256756067276000977 0.96584814786911010742 0.82047486305236816406 0.23780843615531921387 0.58615350723266601562 0.098108023405075073242 0.64601123332977294922 0.44080334901809692383 0.42454701662063598633 0.74160468578338623047 0.12817436456680297852 0.098370827734470367432 0.56776654720306396484 0.35849666595458984375 0.4071750342845916748 0.050865687429904937744 0.44948151707649230957 0.35534131526947021484 0.62157350778579711914 0.41604083776473999023 0.60059279203414916992 0.053143996745347976685 0.67831498384475708008 0.38698998093605041504 0.96942675113677978516 0.41861957311630249023 0.26202678680419921875 0.53920054435729980469 0.82106292247772216797 0.40926283597946166992 0.10022528469562530518 0.031294915825128555298 0.84794306755065917969 0.61598849296569824219 0.79164278507232666016
0.21377618610858917236 0.66854977607727050781 0.4524122774600982666 0.98732537031173706055 0.10467094928026199341 0.61488974094390869141 0.30531781911849975586 0.58866572380065917969 0.30855929851531982422 0.37515282630920410156 0.48110213875770568848 0.73816865682601928711 0.86669892072677612305 0.79627197980880737305 0.023579955101013183594 0.052625257521867752075 0.12236364930868148804 0.42457497119903564453 0.41491594910621643066 0.45111155509948730469 0.63424766063690185547 0.21580588817596435547 0.3226381838321685791 0.69200795888900756836 0.23316468298435211182 0.45210716128349304199 0.86265987157821655273 0.7840951085090637207 0.2282359004020690918 0.88022756576538085938 0.69141018390655517578 0.60625487565994262695 0.25907921791076660156 0.66246962547302246094 0.26150456070899963379 0.73287832736968994141 0.57110285758972167969 0.79924982786178588867 0.033507641404867172241
0.67581498622894287109 0.55733394622802734375 0.79126429557800292969 0.087060049176216125488 0.95512419939041137695 0.095996856689453125 0.35638123750686645508 0.90340054035186767578 0.90442186594009399414 0.90635323524475097656 0.95741814374923706055 0.75264585018157958984 0.8450215458869934082 0.44470590353012084961 0.025039061903953552246 0.097182013094425201416 0.78171896934509277344 0.94465976953506469727 0.47577178478240966797 0.44727179408073425293 0.63892102241516113281 0.41117334365844726562 0.66767966747283935547 0.18905778229236602783 0.18784861266613006592 0.11934970319271087646 0.15534673631191253662 0.24722447991371154785 0.67433285713195800781 0.90473157167434692383 0.96905511617660522461 0.73577386140823364258 0.04840391501784324646 0.36841446161270141602 0.6999899744987487793 0.14250652492046356201 0.26398935914039611816 0.01734141819179058075 0.11614935100078582764
0.95515018701553344727 0.25437560677528381348 0.53117239475250244141 0.57636946439743041992 0.70606100559234619141 0.95011413097381591797 0.369842529296875 0.76012587547302246094 0.13923534750938415527 0.64945143461227416992 0.68077880144119262695 0.90605783462524414062 0.65482187271118164062 0.35563418269157409668 0.36105415225028991699 0.95497095584869384766 0.59366059303283691406 0.13509136438369750977 0.5427983403205871582 0.77294743061065673828 0.99117857217788696289 0.18428704142570495605 0.20996432006359100342 0.95119833946228027344 0.8052775263786315918 0.43547973036766052246 0.94232064485549926758 0.21600164473056793213 0.29481783509254455566 0.13685306906700134277 0.010032005608081817627 0.3141358792781829834 0.24920503795146942139 0.66826552152633666992 0.37025415897369384766 0.87532901763916015625 0.21492645144462585449 0.20470465719699859619 0.80654430389404296875
0.40391570329666137695 0.097653090953826904297 0.044290482997894287109 0.74113243818283081055 0.80295592546463012695 0.97293096780776977539 0.76634907722473144531 0.015139330178499221802 0.7666168212890625 0.059386916458606719971 0.41059029102325439453 0.49236816167831420898 0.97750884294509887695 0.36386650800704956055 0.60939884185791015625 0.062423475086688995361 0.72568821907043457031 0.29141378402709960938 0.55240261554718017578 0.091779015958309173584 0.46410155296325683594 0.8538277745246887207 0.57280176877975463867 0.67994838953018188477 0.58085691928863525391 0.99049752950668334961 0.49259099364280700684 0.13207378983497619629 0.65514719486236572266 0.52474224567413330078 0.84553813934326171875 0.59753137826919555664 0.64288640022277832031 0.63903439044952392578 0.90240067243576049805 0.30835455656051635742 0.86213326454162597656 0.25291916728019714355 0.74711030721664428711
0.71756696701049804688 0.55313551425933837891 0.73674124479293823242 0.2805258631706237793 0.90934956073760986328 0.36027643084526062012 0.026220232248306274414 0.17091672122478485107 0.63958179950714111328 0.28876093029975891113 0.15524399280548095703 0.61467528343200683594 0.96002459526062011719 0.4639345705509185791 0.19755396246910095215 0.83569365739822387695 0.53688454627990722656 0.049922358244657516479 0.65045899152755737305 0.1867990642786026001 0.68534302711486816406 0.98242104053497314453 0.39235347509384155273 0.077584981918334960938 0.77883446216583251953 0.004810765385627746582 0.38117849826812744141 0.95873773097991943359 0.076015211641788482666 0.39153426885604858398 0.66859704256057739258 0.93070507049560546875 0.059471737593412399292 0.27855512499809265137 0.16028316318988800049 0.43448007106781005859 0.77411878108978271484 0.25734284520149230957 0.46021696925163269043
0.37806987762451171875 0.61023956537246704102 0.44847097992897033691 0.68619942665100097656 0.91190713644027709961 0.46462595462799072266 0.7107455134391784668 0.17513494193553924561 0.82527673244476318359 0.31499758362770080566 0.25285157561302185059 0.91377693414688110352 0.27687895298004150391 0.04093065112829208374 0.25052398443222045898 0.63539332151412963867 0.98610317707061767578 0.37828454375267028809 0.20508593320846557617 0.36997440457344055176 0.28868731856346130371 0.30861738324165344238 0.37982785701751708984 0.3966197967529296875 0.96013432741165161133 0.38115558028221130371 0.029681514948606491089 0.98032236099243164062 0.66415476799011230469 0.64944189786911010742 0.92985284328460693359 0.66133683919906616211 0.72406709194183349609 0.52781844139099121094 0.15730631351470947266 0.7053725123405456543 0.15367999672889709473 0.33534884452819824219 0.0046753594651818275452
0.98575174808502197266 0.41385200619697570801 0.11656522750854492188 0.8332106471061706543 0.40561944246292114258 0.31659388542175292969 0.094825223088264465332 0.96945726871490478516 0.075562916696071624756 0.74220383167266845703 0.45631426572799682617 0.27022781968116760254 0.46481361985206604004 0.30873462557792663574 0.92001318931579589844 0.57984644174575805664 0.073831692337989807129 0.56823098659515380859 0.64444243907928466797 0.2819773256778717041 0.26194494962692260742 0.53391450643539428711 0.59413969516754150391 0.77093344926834106445 0.61908566951751708984 0.49463194608688354492 0.59860271215438842773 0.018389580771327018738 0.59197795391082763672 0.37891617417335510254 0.51166230440139770508 0.19135133922100067139 0.25320121645927429199 0.23414185643196105957 0.67479628324508666992 0.72656345367431640625 0.027827274054288864136 0.88945275545120239258 0.73030710220336914062
0.24849931895732879639 0.455142974853515625 0.5819034576416015625 0.095108114182949066162 0.015847468748688697815 0.6574160456657409668 0.32860538363456726074 0.55415588617324829102 0.20062132179737091064 0.971599578857421875 0.071623086929321289062 0.53676217794418334961 0.35948660969734191895 0.44882735610008239746 0.40759918093681335449 0.54123860597610473633 0.61273437738418579102 0.87668365240097045898 0.74209618568420410156 0.63038522005081176758 0.92175924777984619141 0.98558890819549560547 0.710330963134765625 0.27573144435882568359 0.76328545808792114258 0.0045012948103249073029 0.36516749858856201172 0.15888547897338867188 0.15665510296821594238 0.31983655691146850586 0.019663257524371147156 0.049497395753860473633 0.88640540838241577148 0.94338548183441162109 0.9324162602424621582 0.48229199647903442383 0.39881062507629394531 0.4051666259765625 0.3717899024486541748
0.50814139842987060547 0.85834014415740966797 0.19149994850158691406 0.77122783660888671875 0.2078927159309387207 0.6080341339111328125 0.66154623031616210938 0.40459397435188293457 0.10210319608449935913 0.35387429594993591309 0.92351233959197998047 0.094155952334403991699 0.094683930277824401855 0.43716666102409362793 0.81803905963897705078 0.091919228434562683105 0.70608824491500854492 0.58696675300598144531 0.67808991670608520508 0.44274753332138061523 0.6325333714485168457 0.85664349794387817383 0.49972394108772277832 0.91279625892639160156 0.47517299652099609375 0.066176690161228179932 0.86577081680297851562 0.99825137853622436523 0.29253935813903808594 0.43256795406341552734 0.94844734668731689453 0.35204464197158813477 0.98299610614776611328 0.64949667453765869141 0.47018018364906311035 0.66488909721374511719 0.25619161128997802734 0.93879246711730957031 0.31921797990798950195
0.95206791162490844727 0.31901466846466064453 0.81836730241775512695 0.6598606109619140625 0.30131870508193969727 0.70340180397033691406 0.91683185100555419922 0.46904230117797851562 0.85773158073425292969 0.60431301593780517578 0.8871987462043762207 0.6193790435791015625 0.79918104410171508789 0.92048364877700805664 0.63409209251403808594 0.03241338580846786499 0.39223659038543701172 0.8929373621940612793 0.96699434518814086914 0.57624888420104980469 0.49318590760231018066 0.53452301025390625 0.83474278450012207031 0.037867330014705657959 0.2698396146297454834 0.71951222419738769531 0.78056544065475463867 0.42702898383140563965 0.63601636886596679688 0.83487516641616821289 0.43547207117080688477 0.67558914422988891602 0.92049515247344970703 0.81371080875396728516 0.17110310494899749756 0.93113434314727783203 0.55885446071624755859 0.42063301801681518555 0.89989233016967773438
0.43863636255264282227 0.99197489023208618164 0.42386704683303833008 0.88667267560958862305 0.41052398085594177246 0.53357809782028198242 0.92247974872589111328 0.83922189474105834961 0.18043218553066253662 0.11632154881954193115 0.61045044660568237305 0.92641228437423706055 0.89257347583770751953 0.2516403496265411377 0.67331397533416748047 0.84311568737030029297 0.039910286664962768555 0.8185666203498840332 0.69910889863967895508 0.39207881689071655273 0.25757077336311340332 0.23274141550064086914 0.49527946114540100098 0.33947339653968811035 0.24796447157859802246 0.87578022480010986328 0.020903790369629859924 0.1557916104793548584 0.90294617414474487305 0.60831099748611450195 0.038179341703653335571 0.088917054235935211182 0.041564963757991790771 0.56345486640930175781 0.0096969529986381530762 0.55029058456420898438 0.38900488615036010742 0.46841531991958618164 0.30252596735954284668
0.33814764022827148438 0.52443903684616088867 0.1544523090124130249 0.72297358512878417969 0.63051980733871459961 0.23653993010520935059 0.18660494685173034668 0.40497499704360961914 0.74366450309753417969 0.032955408096313476562 0.086761310696601867676 0.42530426383018493652 0.50041097402572631836 0.059977058321237564087 0.80410373210906982422 0.23671323060989379883 0.37657341361045837402 0.026984464377164840698 0.58879756927490234375 0.78451448678970336914 0.69983422756195068359 0.94390398263931274414 0.60779058933258056641 0.54103952646255493164 0.91343969106674194336 0.15590964257717132568 0.34276816248893737793 0.25354215502738952637 0.28114882111549377441 0.73497790098190307617 0.83226525783538818359 0.27490174770355224609 0.48313808441162109375 0.14816212654113769531 0.80040901899337768555 0.34405317902565002441 0.87304365634918212891 0.13802798092365264893 0.22394767403602600098
0.47274494171142578125 0.44586336612701416016 0.18255966901779174805 0.920257568359375 0.1944716721773147583 0.88485229015350341797 0.74299371242523193359 0.88933300971984863281 0.33298894762992858887 0.94066643714904785156 0.82063311338424682617 0.64304381608963012695 0.80586439371109008789 0.77421879768371582031 0.77199357748031616211 0.841030120849609375 0.32532179355621337891 0.62399435043334960938 0.22673261165618896484 0.73706674575805664062 0.87143796682357788086 0.33949735760688781738 0.88787287473678588867 0.068232230842113494873 0.89891374111175537109 0.33869758248329162598 0.55250728130340576172 0.30878084897994995117 0.0841444358229637146 0.78420567512512207031 0.64809662103652954102 0.13009285926818847656 0.21925966441631317139 0.92953354120254516602 0.72558766603469848633 0.8472931981086730957 0.30881088972091674805 0.43491676449775695801 0.66478252410888671875
0.42483162879943847656 0.66169023513793945312 0.17037875950336456299 0.95455783605575561523 0.67499512434005737305 0.18185541033744812012 0.26225000619888305664 0.51889413595199584961 0.95671957731246948242 0.33172208070755004883 0.84255659580230712891 0.9286244511604309082 0.79347616434097290039 0.89230096340179443359 0.72309625148773193359 0.89768970012664794922 0.67601615190505981445 0.58287692070007324219 0.15050037205219268799 0.090155452489852905273 0.75222754478454589844 0.66303646564483642578 0.40753880143165588379 0.88200026750564575195 0.2381292879581451416 0.43329513072967529297 0.96988314390182495117 0.32559424638748168945 0.29649871587753295898 0.65049517154693603516 0.13597705960273742676 0.79464894533157348633 0.99752241373062133789 0.010516389273107051849 0.86705166101455688477 0.7936337590217590332 0.76468181610107421875 0.9241034388542175293 0.80735987424850463867
0.41693323850631713867 0.036028571426868438721 0.37907451391220092773 0.62462812662124633789 0.99608808755874633789 0.71683329343795776367 0.30373591184616088867 0.94605684280395507812 0.10804762691259384155 0.62399774789810180664 0.6362240910530090332 0.13116624951362609863 0.75594723224639892578 0.59662955999374389648 0.42080008983612060547 0.69702202081680297852 0.82624036073684692383 0.16325230896472930908 0.50362402200698852539 0.57902389764785766602 0.91172385215759277344 0.62252342700958251953 0.98592996597290039062 0.77668201923370361328 0.22522953152656555176 0.027034826576709747314 0.86196482181549072266 0.67712670564651489258 0.96443122625350952148 0.94962465763092041016 0.55490571260452270508 0.059039175510406494141 0.3883387148380279541 0.75956356525421142578 0.62963777780532836914 0.88457757234573364258 0.98011857271194458008 0.95993518829345703125 0.63281041383743286133
0.90498912334442138672 0.69906401634216308594 0.35214820504188537598 0.6331780552864074707 0.97651600837707519531 0.83692187070846557617 0.65683215856552124023 0.30032590031623840332 0.87926024198532104492 0.47574946284294128418 0.75118803977966308594 0.93571782112121582031 0.71142774820327758789 0.086957238614559173584 0.96331858634948730469 0.79537665843963623047 0.67223221063613891602 0.70843881368637084961 0.055833090096712112427 0.96986186504364013672 0.071408241987228393555 0.78936755657196044922 0.17330230772495269775 0.81916701793670654297 0.70898008346557617188 0.39545783400535583496 0.01155098993331193924 0.2385148853063583374 0.9323781132698059082 0.81828039884567260742 0.18248859047889709473 0.87582725286483764648 0.45642527937889099121 0.01945211365818977356 0.38855654001235961914 0.43734961748123168945 0.054837286472320556641 0.044338945299386978149 0.36128813028335571289
