tests/data/before.asc
ncols        100
nrows        100
xllcorner    0.000000000000
yllcorner    80.000000000000
cellsize     0.200000000000
NODATA_value nan
[rows 34 to 50 of 100, columns 39 to 77 of 100]
0.1894331127405166626 0.21332642436027526855 0.35178902745246887207 0.84758245944976806641 0.0085017485544085502625 0.25464323163032531738 0.99040305614471435547 0.91702473163604736328 0.52937972545623779297 0.36297440528869628906 0.59119999408721923828 0.64569526910781860352 0.42637738585472106934 0.71029317378997802734 0.93237608671188354492 0.008440146222710609436 0.80597627162933349609 0.75851613283157348633 0.062787607312202453613 0.99177449941635131836 0.66409856081008911133 0.98689734935760498047 0.8652012944221496582 0.73204159736633300781 0.5980256199836730957 0.76205861568450927734 0.30460208654403686523 0.67239993810653686523 0.51904457807540893555 0.59031921625137329102 0.022325662896037101746 0.871654510498046875 0.59395629167556762695 0.60898989439010620117 0.16496087610721588135 0.44356700778007507324 0.24989473819732666016 0.8186321258544921875 0.83952486515045166016
0.021415254101157188416 0.73354107141494750977 0.66401612758636474609 0.81194460391998291016 0.0042457464151084423065 0.71490699052810668945 0.37295693159103393555 0.85664427280426025391 0.89134418964385986328 0.6390533447265625 0.039229437708854675293 0.87052565813064575195 0.26815420389175415039 0.81010347604751586914 0.193241119384765625 0.11610485613346099854 0.028264189139008522034 0.71348989009857177734 0.9852625727653503418 0.91404569149017333984 0.61444008350372314453 0.24966037273406982422 0.51938211917877197266 0.30131712555885314941 0.78338092565536499023 0.82748073339462280273 0.71582049131393432617 0.97810912132263183594 0.76889210939407348633 0.39633932709693908691 0.73036396503448486328 0.4441941678524017334 0.68685877323150634766 0.086634993553161621094 0.29049992561340332031 0.62889236211776733398 0.89817410707473754883 0.3707129359245300293 0.97686743736267089844
0.017741817981004714966 0.16456404328346252441 0.77740335464477539062 0.53509354591369628906 0.36508533358573913574 0.39072370529174804688 0.98415905237197875977 0.38637301325798034668 0.10221902281045913696 0.95190024375915527344 0.35502859950065612793 0.58300596475601196289 0.53281104564666748047 0.67167478799819946289 0.01885217614471912384 0.22176785767078399658 0.83447211980819702148 0.94158828258514404297 0.30220901966094970703 0.10995691269636154175 0.02781914733350276947 0.78705185651779174805 0.13169580698013305664 0.73926979303359985352 0.48340684175491333008 0.42883455753326416016 0.072268068790435791016 0.037589464336633682251 0.13677586615085601807 0.31598463654518127441 0.17590820789337158203 0.49730792641639709473 0.4799677729606628418 0.38443851470947265625 0.38972222805023193359 0.55658119916915893555 0.040424652397632598877 0.25703531503677368164 0.56088960170745849609
0.49115091562271118164 0.77541440725326538086 0.10615872591733932495 0.1593535691499710083 0.22899897396564483643 0.72105425596237182617 0.068804472684860229492 0.080956250429153442383 0.12122525274753570557 0.93619024753570556641 0.71020311117172241211 0.38395980000495910645 0.31036290526390075684 0.30066749453544616699 0.73881006240844726562 0.044189114123582839966 0.27477821707725524902 0.81385242938995361328 0.82466149330139160156 0.040133278816938400269 0.89271283149719238281 0.54187589883804321289 0.15739169716835021973 0.47765076160430908203 0.56713086366653442383 0.74603915214538574219 0.38034847378730773926 0.28195744752883911133 0.21622970700263977051 0.086847677826881408691 0.59185618162155151367 0.22554950416088104248 0.38785088062286376953 0.60910403728485107422 0.27950775623321533203 0.37180587649345397949 0.20203529298305511475 0.46959322690963745117 0.85109883546829223633
0.20096847414970397949 0.66182172298431396484 0.85409331321716308594 0.42702478170394897461 0.29644110798835754395 0.27513843774795532227 0.44826215505599975586 0.58026170730590820312 0.40389963984489440918 0.31455722451210021973 0.48414960503578186035 0.43970781564712524414 0.7407773137092590332 0.64716374874114990234 0.89265352487564086914 0.52318578958511352539 0.062263846397399902344 0.78718358278274536133 0.58416891098022460938 0.98827874660491943359 0.92653244733810424805 0.74234992265701293945 0.18661130964756011963 0.15414461493492126465 0.82498633861541748047 0.30472433567047119141 0.27371507883071899414 0.58155095577239990234 0.39851433038711547852 0.83232629299163818359 0.052758149802684783936 0.20149077475070953369 0.45049148797988891602 0.6702486872673034668 0.35494211316108703613 0.63993477821350097656 0.79552096128463745117 0.045156039297580718994 0.084032177925109863281
0.91658836603164672852 0.26734465360641479492 0.97310054302215576172 0.48851945996284484863 0.32495483756065368652 0.15889768302440643311 0.65265238285064697266 0.14298202097415924072 0.38316512107849121094 0.46400400996208190918 0.06867901235818862915 0.69025373458862304688 0.67401719093322753906 0.48701217770576477051 0.43830430507659912109 0.39500176906585693359 0.99007511138916015625 0.81972992420196533203 0.12457422912120819092 0.2934615015983581543 0.096233509480953216553 0.031226309016346931458 0.65392327308654785156 0.12413474172353744507 0.71182334423065185547 0.55451405048370361328 0.021717062219977378845 0.60797822475433349609 0.10400923341512680054 0.21597908437252044678 0.45624181628227233887 0.6623013615608215332 0.44523528218269348145 0.10065381228923797607 0.60623157024383544922 0.71242570877075195312 0.55788880586624145508 0.511547088623046875 0.76351189613342285156
0.14140038192272186279 0.49160468578338623047 0.97316908836364746094 0.53745853900909423828 0.5735912322998046875 0.50283509492874145508 0.047125149518251419067 0.62482738494873046875 0.90981411933898925781 0.48722341656684875488 0.99087500572204589844 0.30085858702659606934 0.66581284999847412109 0.9810161590576171875 0.50816136598587036133 0.88089525699615478516 0.4657624363899230957 0.91150110960006713867 0.78334766626358032227 0.24893720448017120361 0.21113125979900360107 0.013564253225922584534 0.86217296123504638672 0.29623323678970336914 0.68687105178833007812 0.60782259702682495117 0.35035225749015808105 0.0081362174823880195618 0.27027690410614013672 0.74734663963317871094 0.3482227623462677002 0.2363631129264831543 0.43958774209022521973 0.93450617790222167969 0.071605637669563293457 0.31964847445487976074 0.73051953315734863281 0.24375063180923461914 0.73793470859527587891
0.75049930810928344727 0.10638087242841720581 0.53063052892684936523 0.073611244559288024902 0.51395499706268310547 0.58420240879058837891 0.6649615168571472168 0.01138162706047296524 0.22122754156589508057 0.93043720722198486328 0.42869794368743896484 0.09002920985221862793 0.26637497544288635254 0.26873940229415893555 0.68699789047241210938 0.45273607969284057617 0.66318279504776000977 0.73650109767913818359 0.77597278356552124023 0.64127653837203979492 0.27204713225364685059 0.68598151206970214844 0.691730499267578125 0.78085589408874511719 0.64111161231994628906 0.47414246201515197754 0.43343392014503479004 0.28956425189971923828 0.51336371898651123047 0.08451296389102935791 0.58043897151947021484 0.84406739473342895508 0.96830403804779052734 0.83096706867218017578 0.092126682400703430176 0.9269771575927734375 0.43602108955383300781 0.65862810611724853516 0.045640572905540466309
0.32378879189491271973 0.88715571165084838867 0.60804474353790283203 0.45513200759887695312 0.08642743527889251709 0.34923830628395080566 0.40767699480056762695 0.99179440736770629883 0.022686969488859176636 0.89013755321502685547 0.97990244626998901367 0.011539035476744174957 0.25239732861518859863 0.40439742803573608398 0.21217477321624755859 0.60223466157913208008 0.87955272197723388672 0.1025999113917350769 0.20156681537628173828 0.64214330911636352539 0.23884381353855133057 0.68018591403961181641 0.31158441305160522461 0.63864058256149291992 0.074050091207027435303 0.20576180517673492432 0.71852827072143554688 0.21924392879009246826 0.6832955479621887207 0.20613984763622283936 0.18720713257789611816 0.69419980049133300781 0.070352323353290557861 0.66151517629623413086 0.32002922892570495605 0.88718134164810180664 0.49773073196411132812 0.11154279857873916626 0.6445897221565246582
0.28739476203918457031 0.026509908959269523621 0.78186202049255371094 0.41823115944862365723 0.55253440141677856445 0.3824443519115447998 0.64025986194610595703 0.12809245288372039795 0.42329496145248413086 0.80168169736862182617 0.077448517084121704102 0.85829383134841918945 0.30235320329666137695 0.48064723610877990723 0.61283403635025024414 0.56167787313461303711 0.82929253578186035156 0.13390524685382843018 0.45137837529182434082 0.43839478492736816406 0.25066849589347839355 0.84947425127029418945 0.19352887570858001709 0.38183134794235229492 0.17171643674373626709 0.61819761991500854492 0.41581112146377563477 0.040720935910940170288 0.5732224583625793457 0.14096254110336303711 0.44660732150077819824 0.78680008649826049805 0.14834152162075042725 0.063739255070686340332 0.90934836864471435547 0.71876174211502075195 0.69786512851715087891 0.36186635494232177734 0.3917140662670135498
0.47005414962768554688 0.22991904616355895996 0.62185704708099365234 0.96975404024124145508 0.91553658246994018555 0.17865614593029022217 0.10055516660213470459 0.64026886224746704102 0.68226236104965209961 0.60811799764633178711 0.75595676898956298828 0.94176280498504638672 0.92407107353210449219 0.051897291094064712524 0.93357235193252563477 0.16061267256736755371 0.20016719400882720947 0.26094961166381835938 0.70044654607772827148 0.82852858304977416992 0.29141715168952941895 0.38324105739593505859 0.51686608791351318359 0.98374336957931518555 0.35829702019691467285 0.30192220211029052734 0.61029005050659179688 0.77246177196502685547 0.44265052676200866699 0.89803767204284667969 0.93251287937164306641 0.49521207809448242188 0.17578522861003875732 0.26899760961532592773 0.68848919868469238281 0.32459935545921325684 0.24331344664096832275 0.10613156110048294067 0.81542885303497314453
0.12371107190847396851 0.38823407888412475586 0.71344679594039916992 0.700099945068359375 0.72117131948471069336 0.32041531801223754883 0.69981402158737182617 0.19434902071952819824 0.13714034855365753174 0.16057148575782775879 0.54608380794525146484 0.9046999812126159668 0.28897500038146972656 0.049384299665689468384 0.52949249744415283203 0.55503141880035400391 0.18044272065162658691 0.84547942876815795898 0.36249205470085144043 0.14654083549976348877 0.32679778337478637695 0.69130653142929077148 0.89790266752243041992 0.33187150955200195312 0.55368214845657348633 0.081069208681583404541 0.83799850940704345703 0.68807327747344970703 0.74529290199279785156 0.62089675664901733398 0.38076731562614440918 0.23265132308006286621 0.82901102304458618164 0.82377982139587402344 0.75368237495422363281 0.2299810945987701416 0.27874431014060974121 0.14068745076656341553 0.14821548759937286377
0.97058022022247314453 0.97400462627410888672 0.48235076665878295898 0.055822692811489105225 0.90113836526870727539 0.31541201472282409668 0.49019193649291992188 0.75241231918334960938 0.17629414796829223633 0.93689817190170288086 0.60902476310729980469 0.69938111305236816406 0.71757978200912475586 0.2107038348913192749 0.37243512272834777832 0.43332707881927490234 0.18623247742652893066 0.74796056747436523438 0.51980555057525634766 0.93814033269882202148 0.2726275324821472168 0.52624315023422241211 0.98768669366836547852 0.52895146608352661133 0.4199619591236114502 0.89805692434310913086 0.26607355475425720215 0.63340622186660766602 0.21448265016078948975 0.72115343809127807617 0.68119692802429199219 0.10538113117218017578 0.26932704448699951172 0.18315929174423217773 0.3281338810920715332 0.44200330972671508789 0.50109827518463134766 0.18679414689540863037 0.37714976072311401367
0.080555401742458343506 0.93276774883270263672 0.28055611252784729004 0.7934105992317199707 0.39315801858901977539 0.133008614182472229 0.16462285816669464111 0.19758524000644683838 0.052055936306715011597 0.21710906922817230225 0.58800607919692993164 0.25283551216125488281 0.65142846107482910156 0.38518440723419189453 0.46047773957252502441 0.20845782756805419922 0.33478963375091552734 0.08860798180103302002 0.19573959708213806152 0.7636807560920715332 0.71516621112823486328 0.64772790670394897461 0.73002886772155761719 0.31465417146682739258 0.92051005363464355469 0.41554269194602966309 0.93275016546249389648 0.57202297449111938477 0.38679593801498413086 0.078440174460411071777 0.44961276650428771973 0.38717025518417358398 0.82465898990631103516 0.92773556709289550781 0.31988626718521118164 0.69901680946350097656 0.12572424113750457764 0.36863496899604797363 0.41205951571464538574
0.95417016744613647461 0.85050576925277709961 0.078635707497596740723 0.83174687623977661133 0.12745144963264465332 0.4219405055046081543 0.98988622426986694336 0.77133935689926147461 0.87934106588363647461 0.5770676732063293457 0.72791010141372680664 0.10267898440361022949 0.95306611061096191406 0.85589444637298583984 0.17221657931804656982 0.62063586711883544922 0.69792324304580688477 0.26838943362236022949 0.70977056026458740234 0.25079074501991271973 0.72374451160430908203 0.74201983213424682617 0.28002586960792541504 0.44986858963966369629 0.7809149622917175293 0.49067223072052001953 0.74212044477462768555 0.029369601979851722717 0.79812926054000854492 0.30665436387062072754 0.066518925130367279053 0.14149971306324005127 0.61168527603149414062 0.8240191340446472168 0.1246326640248298645 0.96039801836013793945 0.97237992286682128906 0.14421297609806060791 0.55217730998992919922
0.36364963650703430176 0.51982402801513671875 0.012320415116846561432 0.049245759844779968262 0.4074878692626953125 0.60884404182434082031 0.74824696779251098633 0.75052177906036376953 0.60645002126693725586 0.68114209175109863281 0.64075511693954467773 0.27225911617279052734 0.86697524785995483398 0.97702705860137939453 0.75294262170791625977 0.37887388467788696289 0.031349766999483108521 0.29590398073196411133 0.40462371706962585449 0.50336873531341552734 0.23821789026260375977 0.14900645613670349121 0.69755977392196655273 0.67826360464096069336 0.73392778635025024414 0.25383403897285461426 0.69192200899124145508 0.55176270008087158203 0.91936063766479492188 0.3539212644100189209 0.36383321881294250488 0.53774255514144897461 0.083623304963111877441 0.25034049153327941895 0.91183948516845703125 0.93352389335632324219 0.18822652101516723633 0.72112876176834106445 0.34177786111831665039
0.46753385663032531738 0.33227705955505371094 0.99361503124237060547 0.80648493766784667969 0.59733015298843383789 0.86175304651260375977 0.85447829961776733398 0.95967805385589599609 0.41020610928535461426 0.13629187643527984619 0.16788351535797119141 0.52142167091369628906 0.57990777492523193359 0.50577181577682495117 0.40270069241523742676 0.043551202863454818726 0.18000844120979309082 0.073686473071575164795 0.39627033472061157227 0.53726375102996826172 0.57421195507049560547 0.54308599233627319336 0.32895347476005554199 0.32339486479759216309 0.83268815279006958008 0.032811895012855529785 0.41817712783813476562 0.68267977237701416016 0.84836035966873168945 0.42284399271011352539 0.92142081260681152344 0.88210970163345336914 0.17783322930335998535 0.0022143949754536151886 0.27345445752143859863 0.3375243842601776123 0.82751673460006713867 0.36205053329467773438 0.30009576678276062012
