tests/data/before.asc
ncols        100
nrows        100
xllcorner    0.000000000000
yllcorner    80.000000000000
cellsize     0.200000000000
NODATA_value nan
[rows 0 to 16 of 100, columns 0 to 38 of 100]
0.73585170507431030273 0.14292563498020172119 0.52586799860000610352 0.75324463844299316406 0.91191476583480834961 0.91370850801467895508 0.9339580535888671875 0.5079555511474609375 0.45408830046653747559 0.58351343870162963867 0.90988248586654663086 0.79165929555892944336 0.20200100541114807129 0.25421509146690368652 0.92201066017150878906 0.65722155570983886719 0.94567811489105224609 0.92895656824111938477 0.179294586181640625 0.029417170211672782898 0.61818349361419677734 0.81243854761123657227 0.68290662765502929688 0.87651824951171875 0.90132117271423339844 0.83213311433792114258 0.50247371196746826172 0.97478902339935302734 0.62364137172698974609 0.060248352587223052979 0.092711590230464935303 0.73630952835083007812 0.78560698032379150391 0.13512052595615386963 0.11700665205717086792 0.15578143298625946045 0.41726270318031311035 0.26082199811935424805 0.52913480997085571289
0.83628946542739868164 0.13605660200119018555 0.049436092376708984375 0.30485954880714416504 0.98166185617446899414 0.041962198913097381592 0.14372810721397399902 0.93005234003067016602 0.43262428045272827148 0.35474911332130432129 0.42269954085350036621 0.41005915403366088867 0.96130293607711791992 0.67500108480453491211 0.34968465566635131836 0.52758550643920898438 0.82960242033004760742 0.40573593974113464355 0.63114827871322631836 0.63944250345230102539 0.20467963814735412598 0.54327660799026489258 0.25071617960929870605 0.94982117414474487305 0.51961237192153930664 0.23490425944328308105 0.59392023086547851562 0.64983141422271728516 0.84100747108459472656 0.34806105494499206543 0.52653074264526367188 0.12904435396194458008 0.53868055343627929688 0.16760544478893280029 0.35589209198951721191 0.68312847614288330078 0.31994837522506713867 0.38668620586395263672 0.91914290189743041992
0.34712630510330200195 0.53381097316741943359 0.022350119426846504211 0.33532282710075378418 0.58884465694427490234 0.80888009071350097656 0.29756873846054077148 0.97395944595336914062 0.65769404172897338867 0.30448350310325622559 0.86455708742141723633 0.88707780838012695312 0.79067015647888183594 0.47414579987525939941 0.51831233501434326172 0.037259303033351898193 0.2503210604190826416 0.43566372990608215332 0.908779144287109375 0.57418847084045410156 0.022443274036049842834 0.34659484028816223145 0.11597593873739242554 0.26998448371887207031 0.10970970988273620605 0.11148479580879211426 0.071683511137962341309 0.48333221673965454102 0.54751765727996826172 0.26573577523231506348 0.28422576189041137695 0.26159343123435974121 0.89390975236892700195 0.82141029834747314453 0.02432908862829208374 0.14072772860527038574 0.56311577558517456055 0.72554725408554077148 0.93981659412384033203
0.67510533332824707031 0.22238145768642425537 0.96080291271209716797 0.23357030749320983887 0.87286096811294555664 0.073190420866012573242 0.2903029024600982666 0.40195062756538391113 0.61595463752746582031 0.18150343000888824463 0.95439362525939941406 0.96175116300582885742 0.25896483659744262695 0.85653424263000488281 0.00353296683169901371 0.026428461074829101562 0.86900770664215087891 0.51897120475769042969 0.9719079136848449707 0.012168091721832752228 0.99135708808898925781 0.51699757575988769531 0.64559197425842285156 0.14305804669857025146 0.52015191316604614258 0.80746924877166748047 0.39273777604103088379 0.51697981357574462891 0.86643731594085693359 0.77764964103698730469 0.53536212444305419922 0.10108044743537902832 0.42390829324722290039 0.0035356963053345680237 0.83931714296340942383 0.18321770429611206055 0.0018215371528640389442 0.97109389305114746094 0.20985057950019836426
0.60835826396942138672 0.87100517749786376953 0.60264915227890014648 0.0096838725730776786804 0.78643625974655151367 0.18462742865085601807 0.76448148488998413086 0.7671330571174621582 0.054054442793130874634 0.98567777872085571289 0.70824384689331054688 0.73308759927749633789 0.84930372238159179688 0.7547219395637512207 0.67684042453765869141 0.29094675183296203613 0.032345242798328399658 0.51696151494979858398 0.65028595924377441406 0.98212134838104248047 0.83496183156967163086 0.48812621831893920898 0.58035862445831298828 0.71974527835845947266 0.15389791131019592285 0.95196998119354248047 0.92134279012680053711 0.30675619840621948242 0.9168002009391784668 0.89932084083557128906 0.72457969188690185547 0.078647367656230926514 0.094237975776195526123 0.29400241374969482422 0.19180640578269958496 0.15885525941848754883 0.35199725627899169922 0.34748601913452148438 0.47889640927314758301
0.79625916481018066406 0.75324994325637817383 0.38810852169990539551 0.99586772918701171875 0.24027954041957855225 0.56785684823989868164 0.089532621204853057861 0.44334319233894348145 0.0081053329631686210632 0.59407901763916015625 0.57091099023818969727 0.30550268292427062988 0.71289145946502685547 0.10098002851009368896 0.50410509109497070312 0.9467341303825378418 0.40526410937309265137 0.45557886362075805664 0.23480212688446044922 0.36655563116073608398 0.024818785488605499268 0.71396172046661376953 0.33893197774887084961 0.39717432856559753418 0.16616745293140411377 0.84979838132858276367 0.8995304107666015625 0.69391691684722900391 0.77425485849380493164 0.23337818682193756104 0.28300151228904724121 0.47320348024368286133 0.83198326826095581055 0.13362951576709747314 0.84287619590759277344 0.27868369221687316895 0.5230655670166015625 0.41451731324195861816 0.42767897248268127441
0.27025663852691650391 0.56150197982788085938 0.90501379966735839844 0.080319643020629882812 0.25439000129699707031 0.4323024749755859375 0.95068109035491943359 0.90656161308288574219 0.66486662626266479492 0.98960101604461669922 0.10858446359634399414 0.34336674213409423828 0.5393097996711730957 0.75857508182525634766 0.67270439863204956055 0.5203342437744140625 0.59055888652801513672 0.61291790008544921875 0.96949285268783569336 0.78883755207061767578 0.92635083198547363281 0.92277115583419799805 0.65592777729034423828 0.18659669160842895508 0.017733205109834671021 0.82715398073196411133 0.29003202915191650391 0.48929885029792785645 0.019981056451797485352 0.039312772452831268311 0.83391278982162475586 0.85277849435806274414 0.094290144741535186768 0.69388383626937866211 0.65498453378677368164 0.99426198005676269531 0.96794044971466064453 0.55579131841659545898 0.72506833076477050781
0.83637666702270507812 0.19754977524280548096 0.71023660898208618164 0.19995264708995819092 0.52033501863479614258 0.005250843241810798645 0.11826023459434509277 0.12288167327642440796 0.8303057551383972168 0.99521416425704956055 0.60213685035705566406 0.34872999787330627441 0.27156937122344970703 0.9278494715690612793 0.21047386527061462402 0.88754856586456298828 0.37457060813903808594 0.56669843196868896484 0.24672199785709381104 0.37512028217315673828 0.21255257725715637207 0.19565851986408233643 0.80225652456283569336 0.30498528480529785156 0.63904041051864624023 0.18413151800632476807 0.89167559146881103516 0.0023618037812411785126 0.18793261051177978516 0.4528255164623260498 0.87407386302947998047 0.041303772479295730591 0.9942544102668762207 0.52868485450744628906 0.8208866119384765625 0.72216320037841796875 0.77475589513778686523 0.21544465422630310059 0.36401769518852233887
0.61937421560287475586 0.66203993558883666992 0.96378809213638305664 0.13833063840866088867 0.93039810657501220703 0.11958605796098709106 0.89715200662612915039 0.47289219498634338379 0.37983810901641845703 0.080228932201862335205 0.20277541875839233398 0.34883642196655273438 0.093733906745910644531 0.64101374149322509766 0.6310513615608215332 0.11576306819915771484 0.35855278372764587402 0.39670652151107788086 0.17755077779293060303 0.87119948863983154297 0.31515282392501831055 0.36348366737365722656 0.55271863937377929688 0.34526035189628601074 0.79290187358856201172 0.63063788414001464844 0.19438309967517852783 0.37194296717643737793 0.41243812441825866699 0.056996054947376251221 0.99572998285293579102 0.13008639216423034668 0.54985988140106201172 0.018483409658074378967 0.46417453885078430176 0.99163049459457397461 0.46275320649147033691 0.26787853240966796875 0.48371177911758422852
0.21931470930576324463 0.21924939751625061035 0.68200254440307617188 0.80461889505386352539 0.23780310153961181641 0.69058072566986083984 0.23575730621814727783 0.96069073677062988281 0.78878676891326904297 0.80402016639709472656 0.49670553207397460938 0.087719976902008056641 0.80371230840682983398 0.33552244305610656738 0.51189178228378295898 0.50949293375015258789 0.047556862235069274902 0.076655574142932891846 0.82258111238479614258 0.62588465213775634766 0.48467919230461120605 0.26353004574775695801 0.62532538175582885742 0.62775665521621704102 0.48066461086273193359 0.77336955070495605469 0.89028680324554443359 0.70406961441040039062 0.37262991070747375488 0.88029539585113525391 0.94154262542724609375 0.23159587383270263672 0.60977143049240112305 0.72796136140823364258 0.29416918754577636719 0.64181637763977050781 0.10791900008916854858 0.40116703510284423828 0.3551909029483795166
0.32830581068992614746 0.093479342758655548096 0.66905206441879272461 0.91971421241760253906 0.13001860678195953369 0.38397631049156188965 0.55229002237319946289 0.42994701862335205078 0.7640978693962097168 0.53435975313186645508 0.79811364412307739258 0.74821442365646362305 0.73572278022766113281 0.82739311456680297852 0.86587804555892944336 0.70935511589050292969 0.70920652151107788086 0.89118587970733642578 0.20870779454708099365 0.65593659877777099609 0.66748714447021484375 0.11200612783432006836 0.11696287989616394043 0.50873804092407226562 0.45407912135124206543 0.24474586546421051025 0.91369223594665527344 0.14821639657020568848 0.77536803483963012695 0.53928458690643310547 0.32386201620101928711 0.13851314783096313477 0.68781304359436035156 0.71619164943695068359 0.042847368866205215454 0.16309732198715209961 0.17523820698261260986 0.27586069703102111816 0.74626880884170532227
0.049467869102954864502 0.60711711645126342773 0.97023618221282958984 0.047857072204351425171 0.46818664669990539551 0.74316275119781494141 0.077269494533538818359 0.75101894140243530273 0.83990150690078735352 0.038300443440675735474 0.84497934579849243164 0.36932718753814697266 0.054849039763212203979 0.56818407773971557617 0.60400235652923583984 0.87289905548095703125 0.53034418821334838867 0.67700654268264770508 0.94557666778564453125 0.87355691194534301758 0.066209748387336730957 0.98602133989334106445 0.061428029090166091919 0.019779911264777183533 0.96891117095947265625 0.79731911420822143555 0.23333026468753814697 0.39806598424911499023 0.22759579122066497803 0.60839259624481201172 0.38861185312271118164 0.47705349326133728027 0.52559792995452880859 0.60880184173583984375 0.73577117919921875 0.33447793126106262207 0.34798124432563781738 0.010723249055445194244 0.76676756143569946289
0.54085618257522583008 0.60733824968338012695 0.46011698246002197266 0.84146487712860107422 0.37730768322944641113 0.39393031597137451172 0.8398761749267578125 0.33818480372428894043 0.24706238508224487305 0.26299533247947692871 0.84859460592269897461 0.69860184192657470703 0.97184002399444580078 0.41664776206016540527 0.13910853862762451172 0.52642661333084106445 0.90280205011367797852 0.13916149735450744629 0.73310947418212890625 0.032759096473455429077 0.95600092411041259766 0.21576601266860961914 0.88614064455032348633 0.060148052871227264404 0.11064390838146209717 0.19592179358005523682 0.50222933292388916016 0.58889150619506835938 0.026822736486792564392 0.74585860967636108398 0.57645744085311889648 0.99518537521362304688 0.8468087315559387207 0.0642793998122215271 0.58213949203491210938 0.011657983064651489258 0.34834074974060058594 0.12786586582660675049 0.094393938779830932617
0.96944260597229003906 0.44149029254913330078 0.35534575581550598145 0.76497137546539306641 0.058826327323913574219 0.7549031376838684082 0.0031426430214196443558 0.18550598621368408203 0.35832136869430541992 0.089136667549610137939 0.60620701313018798828 0.0052664638496935367584 0.43366011977195739746 0.92701005935668945312 0.99504607915878295898 0.32695159316062927246 0.62817388772964477539 0.64977264404296875 0.95413440465927124023 0.026357591152191162109 0.32527551054954528809 0.79281014204025268555 0.59420788288116455078 0.2040443122386932373 0.035795360803604125977 0.22532999515533447266 0.41616678237915039062 0.85109657049179077148 0.50814491510391235352 0.4501431584358215332 0.78100836277008056641 0.99865120649337768555 0.71519839763641357422 0.78248041868209838867 0.087436273694038391113 0.81887674331665039062 0.086122758686542510986 0.43881398439407348633 0.33953297138214111328
0.70961350202560424805 0.49407982826232910156 0.71944344043731689453 0.073179647326469421387 0.063536509871482849121 0.56409633159637451172 0.44119369983673095703 0.091903015971183776855 0.87679660320281982422 0.53120559453964233398 0.27790051698684692383 0.60819911956787109375 0.98258382081985473633 0.7613360285758972168 0.70825970172882080078 0.24346828460693359375 0.63537633419036865234 0.20934997498989105225 0.13517269492149353027 0.32059341669082641602 0.88994044065475463867 0.31872376799583435059 0.89123296737670898438 0.15407574176788330078 0.078457415103912353516 0.91151642799377441406 0.27880117297172546387 0.15559533238410949707 0.7584896087646484375 0.69122260808944702148 0.26805135607719421387 0.61124885082244873047 0.56817007064819335938 0.52091592550277709961 0.82858216762542724609 0.45070663094520568848 0.35084104537963867188 0.13020646572113037109 0.13505655527114868164
0.27489399909973144531 0.87471365928649902344 0.067349746823310852051 0.8302834630012512207 0.16064004600048065186 0.9700565338134765625 0.22599735856056213379 0.38094413280487060547 0.42470765113830566406 0.16757759451866149902 0.47789880633354187012 0.46351355314254760742 0.51899069547653198242 0.52548074722290039062 0.084609776735305786133 0.71348309516906738281 0.24014751613140106201 0.38113304972648620605 0.0086217923089861869812 0.099075332283973693848 0.55580812692642211914 0.97654366493225097656 0.072991229593753814697 0.99646019935607910156 0.71512573957443237305 0.30747786164283752441 0.86196154356002807617 0.033164884895086288452 0.68082529306411743164 0.54070484638214111328 0.88496792316436767578 0.178746834397315979 0.76518672704696655273 0.3741016387939453125 0.63981294631958007812 0.061288919299840927124 0.48208791017532348633 0.73577469587326049805 0.28524348139762878418
0.18332879245281219482 0.3172461390495300293 0.19007372856140136719 0.765712738037109375 0.83519876003265380859 0.20398856699466705322 0.86597305536270141602 0.52637267112731933594 0.39942076802253723145 0.87597304582595825195 0.47463530302047729492 0.50371974706649780273 0.61466830968856811523 0.27234029769897460938 0.85939604043960571289 0.20195601880550384521 0.069971024990081787109 0.99018764495849609375 0.12762916088104248047 0.39040544629096984863 0.52392917871475219727 0.2894331812858581543 0.68792361021041870117 0.20731812715530395508 0.90797942876815795898 0.44814211130142211914 0.32621759176254272461 0.14486671984195709229 0.71184909343719482422 0.25044879317283630371 0.039533860981464385986 0.50456857681274414062 0.69981652498245239258 0.93611371517181396484 0.066215604543685913086 0.66237115859985351562 0.44368728995323181152 0.35973575711250305176 0.086235053837299346924
