tests/data/before.asc
ncols        100
nrows        100
xllcorner    0.000000000000
yllcorner    80.000000000000
cellsize     0.200000000000
NODATA_value nan
[rows 17 to 33 of 100, columns 0 to 38 of 100]
0.73912441730499267578 0.082788087427616119385 0.66466128826141357422 0.85979568958282470703 0.89425629377365112305 0.93325597047805786133 0.52858519554138183594 0.6496880650520324707 0.29558661580085754395 0.8614508509635925293 0.73651278018951416016 0.43404847383499145508 0.87594205141067504883 0.15584921836853027344 0.27262997627258300781 0.73201352357864379883 0.10928522050380706787 0.5141671299934387207 0.33346974849700927734 0.16289597749710083008 0.0073137315921485424042 0.96907275915145874023 0.20045237243175506592 0.32478275895118713379 0.73805004358291625977 0.961971282958984375 0.85159116983413696289 0.78933501243591308594 0.6328213810920715332 0.0038747976068407297134 0.82626003026962280273 0.51523107290267944336 0.56150805950164794922 0.029920449480414390564 0.76717960834503173828 0.72497755289077758789 0.76986771821975708008 0.32973083853721618652 0.66139465570449829102
0.61592966318130493164 0.87805342674255371094 0.62586581707000732422 0.54415535926818847656 0.63750660419464111328 0.41201332211494445801 0.64655768871307373047 0.24310085177421569824 0.77644497156143188477 0.62698417901992797852 0.54262638092041015625 0.014599432237446308136 0.84670060873031616211 0.32632926106452941895 0.11954896897077560425 0.43347007036209106445 0.58125126361846923828 0.95617622137069702148 0.66722917556762695312 0.64929336309432983398 0.2713890373706817627 0.30663853883743286133 0.77320015430450439453 0.84749889373779296875 0.78040301799774169922 0.75014722347259521484 0.28907287120819091797 0.77055048942565917969 0.55903804302215576172 0.47198441624641418457 0.61355829238891601562 0.21022284030914306641 0.71981966495513916016 0.10425218939781188965 0.16080497205257415771 0.29298946261405944824 0.84037113189697265625 0.12959031760692596436 0.27470505237579345703
0.89863133430480957031 0.58863818645477294922 0.21602447330951690674 0.56820255517959594727 0.72426003217697143555 0.55707162618637084961 0.6052195429801940918 0.5818614959716796875 0.83866268396377563477 0.99063432216644287109 0.3883361518383026123 0.47443884611129760742 0.98583489656448364258 0.30558189749717712402 0.095363862812519073486 0.75582289695739746094 0.63543725013732910156 0.046083211898803710938 0.22037789225578308105 0.34352779388427734375 0.20236742496490478516 0.12925982475280761719 0.20992393791675567627 0.68566656112670898438 0.66018044948577880859 0.94372081756591796875 0.61812376976013183594 0.13253252208232879639 0.022374887019395828247 0.95505148172378540039 0.97327119112014770508 0.55614548921585083008 0.66359943151473999023 0.41316962242126464844 0.25514400005340576172 0.56468862295150756836 0.06517867743968963623 0.35816857218742370605 0.057927709072828292847
0.43492341041564941406 0.43139144778251647949 0.41917145252227783203 0.83231180906295776367 0.73075491189956665039 0.27272364497184753418 0.13859716057777404785 0.19060443341732025146 0.60176610946655273438 0.30819499492645263672 0.48133346438407897949 0.59957593679428100586 0.77223008871078491211 0.43064329028129577637 0.83532541990280151367 0.046911116689443588257 0.81136268377304077148 0.43209764361381530762 0.95362061262130737305 0.94802576303482055664 0.94265246391296386719 0.096664845943450927734 0.16375103592872619629 0.19790938496589660645 0.041298825293779373169 0.51367872953414916992 0.35121771693229675293 0.61346364021301269531 0.75149899721145629883 0.24254627525806427002 0.7272936701774597168 0.88779634237289428711 0.1475966721773147583 0.73517280817031860352 0.43958997726440429688 0.64820408821105957031 0.62299335002899169922 0.031705394387245178223 0.54578536748886108398
0.30748298764228820801 0.18260422348976135254 0.40083065629005432129 0.18883971869945526123 0.0316049233078956604 0.060458313673734664917 0.4633147120475769043 0.45805433392524719238 0.34243991971015930176 0.81356120109558105469 0.30069431662559509277 0.24482989311218261719 0.31673499941825866699 0.24832801520824432373 0.37844395637512207031 0.35261929035186767578 0.7739575505256652832 0.80146908760070800781 0.50928324460983276367 0.89350998401641845703 0.65827786922454833984 0.64254999160766601562 0.38634312152862548828 0.35330793261528015137 0.017705950886011123657 0.49446046352386474609 0.86932873725891113281 0.42397606372833251953 0.55209016799926757812 0.66380584239959716797 0.68101143836975097656 0.44253569841384887695 0.076007984578609466553 0.4177964329719543457 0.24051085114479064941 0.87722229957580566406 0.99063152074813842773 0.19826206564903259277 0.43425980210304260254
0.13329327106475830078 0.83297425508499145508 0.54326003789901733398 0.52562344074249267578 0.77128583192825317383 0.3608303070068359375 0.68802839517593383789 0.076315335929393768311 0.24314810335636138916 0.40242013335227966309 0.14293557405471801758 0.2059717327356338501 0.7382615208625793457 0.1567923426628112793 0.10592059046030044556 0.067997828125953674316 0.57079100608825683594 0.57997030019760131836 0.13662940263748168945 0.16550491750240325928 0.16873954236507415771 0.10130707919597625732 0.74924176931381225586 0.16728059947490692139 0.039670966565608978271 0.11369306594133377075 0.67914307117462158203 0.60448348522186279297 0.51730251312255859375 0.20649512112140655518 0.66771221160888671875 0.59264874458312988281 0.62290036678314208984 0.92457729578018188477 0.56182086467742919922 0.65232002735137939453 0.97970038652420043945 0.33594328165054321289 0.8008015751838684082
0.093150958418846130371 0.85088503360748291016 0.17807841300964355469 0.93647402524948120117 0.77166604995727539062 0.085550576448440551758 0.84954565763473510742 0.63508945703506469727 0.0049806260503828525543 0.48084059357643127441 0.28254365921020507812 0.91118615865707397461 0.99931859970092773438 0.90676718950271606445 0.55989629030227661133 0.33423465490341186523 0.4732824862003326416 0.86736714839935302734 0.13651961088180541992 0.25396728515625 0.77641493082046508789 0.29273757338523864746 0.24151046574115753174 0.19015885889530181885 0.41320836544036865234 0.042274933308362960815 0.29094716906547546387 0.39286047220230102539 0.58195412158966064453 0.5852463841438293457 0.3080291748046875 0.16139204800128936768 0.28697916865348815918 0.12899468839168548584 0.067308604717254638672 0.039161998778581619263 0.80335819721221923828 0.95227718353271484375 0.76239538192749023438
0.1844673454761505127 0.013033114373683929443 0.26874691247940063477 0.52003937959671020508 0.16141396760940551758 0.02418269030749797821 0.93258810043334960938 0.084036886692047119141 0.68665200471878051758 0.5030243992805480957 0.60435599088668823242 0.26795968413352966309 0.68404710292816162109 0.78151851892471313477 0.94587874412536621094 0.80333167314529418945 0.59111106395721435547 0.20298434793949127197 0.89124953746795654297 0.55263572931289672852 0.93915790319442749023 0.90170824527740478516 0.59896600246429443359 0.0079021342098712921143 0.70835918188095092773 0.95137614011764526367 0.018141487613320350647 0.81231772899627685547 0.16453261673450469971 0.58584588766098022461 0.62031435966491699219 0.75131124258041381836 0.32795694470405578613 0.1581077277660369873 0.0035101568792015314102 0.60083180665969848633 0.45758447051048278809 0.6941585540771484375 0.42668116092681884766
0.19850642979145050049 0.90198791027069091797 0.9833475947380065918 0.70804190635681152344 0.096296593546867370605 0.41665908694267272949 0.96013313531875610352 0.95116925239562988281 0.71438544988632202148 0.65265458822250366211 0.21985296905040740967 0.94277721643447875977 0.91903960704803466797 0.62116730213165283203 0.55861550569534301758 0.41538184881210327148 0.43476557731628417969 0.21539643406867980957 0.61614435911178588867 0.62574863433837890625 0.46061590313911437988 0.2301076054573059082 0.282138824462890625 0.098059482872486114502 0.96537566184997558594 0.55911791324615478516 0.82959038019180297852 0.0011171180522069334984 0.86997282505035400391 0.3568140864372253418 0.4674390256404876709 0.49253773689270019531 0.41966193914413452148 0.62983644008636474609 0.55996727943420410156 0.6104304194450378418 0.24310617148876190186 0.70069527626037597656 0.52271044254302978516
0.57158935070037841797 0.098269730806350708008 0.55648434162139892578 0.87107670307159423828 0.61254954338073730469 0.56000548601150512695 0.18581879138946533203 0.94744765758514404297 0.99313068389892578125 0.95247006416320800781 0.41556635499000549316 0.05660362541675567627 0.050014752894639968872 0.54792410135269165039 0.7988383173942565918 0.20663091540336608887 0.12417735904455184937 0.61788386106491088867 0.2660465240478515625 0.93420195579528808594 0.62682765722274780273 0.21732766926288604736 0.5590012669563293457 0.94619429111480712891 0.3305835425853729248 0.97808283567428588867 0.11512540280818939209 0.076430156826972961426 0.90646457672119140625 0.97567355632781982422 0.19656614959239959717 0.39552253484725952148 0.0057256473228335380554 0.2851568758487701416 0.2573413848876953125 0.34864339232444763184 0.82369381189346313477 0.988552093505859375 0.55778348445892333984
0.29687523841857910156 0.34672081470489501953 0.9354292750358581543 0.74896478652954101562 0.033673215657472610474 0.66645050048828125 0.53953814506530761719 0.20532715320587158203 0.83140134811401367188 0.21334476768970489502 0.49143338203430175781 0.94790786504745483398 0.97998523712158203125 0.92848283052444458008 0.6804332733154296875 0.4264895021915435791 0.026448365300893783569 0.97526299953460693359 0.23605909943580627441 0.19239646196365356445 0.50105291604995727539 0.60510736703872680664 0.80908715724945068359 0.60740745067596435547 0.41145870089530944824 0.38986790180206298828 0.91273987293243408203 0.37414559721946716309 0.80201715230941772461 0.4530626833438873291 0.97367721796035766602 0.39388927817344665527 0.10517646372318267822 0.27508017420768737793 0.30496031045913696289 0.60838389396667480469 0.79681438207626342773 0.81807482242584228516 0.24082438647747039795
0.36816266179084777832 0.73313575983047485352 0.41250565648078918457 0.17315758764743804932 0.1225927397608757019 0.17221082746982574463 0.11309067904949188232 0.84477376937866210938 0.63333278894424438477 0.21311110258102416992 0.24510233104228973389 0.26171055436134338379 0.94607436656951904297 0.72615569829940795898 0.70055663585662841797 0.51639515161514282227 0.23626112937927246094 0.089541293680667877197 0.7571112513542175293 0.59983003139495849609 0.68171393871307373047 0.22725291550159454346 0.3383668363094329834 0.27185621857643127441 0.39302143454551696777 0.10155648738145828247 0.85976827144622802734 0.99279880523681640625 0.55973833799362182617 0.35814425349235534668 0.56042748689651489258 0.4031390845775604248 0.28584513068199157715 0.037639804184436798096 0.65639668703079223633 0.49124941229820251465 0.39855995774269104004 0.73119771480560302734 0.030899098142981529236
0.71634858846664428711 0.44835686683654785156 0.51669079065322875977 0.61471593379974365234 0.58093029260635375977 0.69944101572036743164 0.22659261524677276611 0.48235425353050231934 0.40492931008338928223 0.11271991580724716187 0.43937200307846069336 0.81581765413284301758 0.14160141348838806152 0.42430409789085388184 0.41143935918807983398 0.84514594078063964844 0.77130371332168579102 0.59471523761749267578 0.16908252239227294922 0.80313223600387573242 0.32774582505226135254 0.48423790931701660156 0.69841229915618896484 0.46606346964836120605 0.27211710810661315918 0.38654753565788269043 0.56785809993743896484 0.92486959695816040039 0.53484284877777099609 0.96690636873245239258 0.37965938448905944824 0.58558189868927001953 0.33634084463119506836 0.11473710089921951294 0.056016284972429275513 0.57038021087646484375 0.78415793180465698242 0.4786281287670135498 0.054049368947744369507
0.96222692728042602539 0.91450595855712890625 0.73698854446411132812 0.091294959187507629395 0.015614224597811698914 0.85616070032119750977 0.3687852025032043457 0.52121204137802124023 0.5009829401969909668 0.4167525172233581543 0.22629101574420928955 0.64385950565338134766 0.77884715795516967773 0.85410994291305541992 0.90375542640686035156 0.64931076765060424805 0.90125715732574462891 0.435577392578125 0.91783249378204345703 0.84410238265991210938 0.06899712979793548584 0.73736530542373657227 0.7993710637092590332 0.64554333686828613281 0.82693558931350708008 0.89883327484130859375 0.97496831417083740234 0.059660382568836212158 0.94466286897659301758 0.52533763647079467773 0.47733786702156066895 0.89562326669692993164 0.60148102045059204102 0.67374634742736816406 0.62986850738525390625 0.020284403115510940552 0.48040077090263366699 0.060566063970327377319 0.11391428858041763306
0.078289091587066650391 0.77413344383239746094 0.80365502834320068359 0.59262800216674804688 0.78450089693069458008 0.77982312440872192383 0.79107195138931274414 0.50598484277725219727 0.7689056396484375 0.69924277067184448242 0.61256974935531616211 0.6678606867790222168 0.90802729129791259766 0.86439311504364013672 0.13915026187896728516 0.57079583406448364258 0.97352683544158935547 0.76133614778518676758 0.139059409499168396 0.78629732131958007812 0.72054022550582885742 0.76875102519989013672 0.31671890616416931152 0.34177070856094360352 0.30745869874954223633 0.29499489068984985352 0.0093737021088600158691 0.6330216526985168457 0.33969557285308837891 0.39780026674270629883 0.69264817237854003906 0.74802643060684204102 0.66616624593734741211 0.54227554798126220703 0.082335710525512695312 0.13813281059265136719 0.20903901755809783936 0.77468943595886230469 0.10738439857959747314
0.12768465280532836914 0.079284653067588806152 0.72518527507781982422 0.85422343015670776367 0.11608005315065383911 0.22141695022583007812 0.67356103658676147461 0.27636116743087768555 0.72145795822143554688 0.084507249295711517334 0.51039910316467285156 0.52411937713623046875 0.16637593507766723633 0.17106783390045166016 0.86252874135971069336 0.69972449541091918945 0.057201839983463287354 0.78353393077850341797 0.54791343212127685547 0.56422364711761474609 0.2732620537281036377 0.74415826797485351562 0.2683410346508026123 0.86147028207778930664 0.41943758726119995117 0.18823449313640594482 0.28218215703964233398 0.098743304610252380371 0.74842375516891479492 0.93042683601379394531 0.974964141845703125 0.061034627258777618408 0.55609947443008422852 0.9206988215446472168 0.44499433040618896484 0.021579187363386154175 0.44448354840278625488 0.21758763492107391357 0.16354233026504516602
0.30023851990699768066 0.34361058473587036133 0.18014982342720031738 0.80756849050521850586 0.10078974068164825439 0.7393328547477722168 0.61588740348815917969 0.71670556068420410156 0.74180489778518676758 0.33590942621231079102 0.21669098734855651855 0.79776906967163085938 0.63467109203338623047 0.36047255992889404297 0.088313937187194824219 0.54480004310607910156 0.32453075051307678223 0.10716354101896286011 0.11303131282329559326 0.61803287267684936523 0.32152712345123291016 0.19750185310840606689 0.38660275936126708984 0.74963474273681640625 0.62053650617599487305 0.055093631148338317871 0.53214508295059204102 0.86130154132843017578 0.9855181574821472168 0.85681176185607910156 0.90287619829177856445 0.97744572162628173828 0.64345306158065795898 0.94981104135513305664 0.91763913631439208984 0.71352243423461914062 0.3846079409122467041 0.27125620841979980469 0.60894721746444702148
